date,AAPL,ABNB,ADBE,AMD,AMZN,ANET,AVGO,BA,BAC,BKNG,BRK.B,CAT,COP,COST,CVS,CVX,EL,GE,GOOG,GOOGL,HES,HUM,INTC,INTU,JNJ,JPM,LLY,MA,MCD,META,MSFT,MU,NFLX,NOW,NVDA,ON,ORCL,PAYC,PEP,PG,PYPL,RTX,TMO,TSLA,UNH,V,VZ,WDC,WMT,XOM
2023-01-03 05:00:00+00:00,125.07,84.9,336.92,64.02,85.82,120.91,553.48,195.39,33.51,2032.21,309.91,238.88,113.12,453.28,92.91,173.99,253.91,84.98,89.7,89.12,134.52,500.49,26.73,391.18,178.19,135.12,364.99,346.8,264.33,124.74,239.58,50.37,294.95,385.5,143.15,61.61,83.72,304.63,179.41,151.57,74.58,100.81,553.18,108.1,518.64,207.39,40.12,31.41,143.6,106.51
2023-01-04 05:00:00+00:00,126.36,88.72,341.41,64.66,85.14,113.84,560.24,203.64,34.14,2110.44,314.55,241.36,113.34,456.56,91.98,172.14,261.91,70.2,88.71,88.08,136.57,492.12,27.68,391.57,180.13,136.38,363.1,355.15,264.39,127.37,229.1,54.2,309.41,393.85,147.49,62.2,84.48,303.9,178.97,152.23,77.69,100.84,561.92,113.64,504.5,212.61,41.13,33.05,143.76,106.82
2023-01-05 05:00:00+00:00,125.02,87.71,328.44,62.33,83.12,109.49,555.02,204.99,34.07,2144.94,312.9,240.28,116.77,450.19,90.45,175.24,261.17,71.29,86.77,86.2,140.78,488.02,27.56,375.62,178.8,135.35,358.92,351.77,262.16,126.94,222.31,54.71,309.7,366.32,142.65,59.74,84.31,294.62,177.1,150.34,76.27,100.88,556.94,110.34,489.96,211.11,41.7,35.23,143.27,109.21
2023-01-06 05:00:00+00:00,129.62,88.52,332.75,63.96,86.08,112.45,588.43,213.0,34.41,2179.25,318.69,248.86,118.23,482.87,91.6,176.56,263.81,71.94,88.16,87.34,143.7,492.54,28.73,386.52,180.25,137.94,362.94,367.67,269.47,130.02,224.93,56.77,315.55,366.53,148.59,62.47,85.66,286.65,181.1,153.92,76.48,102.46,535.0,113.06,490.0,217.75,42.19,37.17,146.78,110.53
2023-01-09 05:00:00+00:00,130.15,89.24,341.98,67.24,87.36,114.87,576.89,208.57,33.89,2208.41,315.53,246.62,117.36,478.75,91.49,175.18,261.63,72.67,88.8,88.02,144.22,481.71,29.31,395.34,175.58,137.37,349.83,370.97,267.25,129.47,227.12,56.36,315.17,378.56,156.28,64.65,86.42,292.59,179.33,152.04,77.08,99.6,546.09,119.77,490.06,218.6,41.37,37.59,144.95,108.47
2023-01-10 05:00:00+00:00,130.73,88.54,338.7,68.05,89.87,115.23,574.93,206.69,34.12,2220.95,316.35,250.51,118.08,481.4,90.65,176.04,262.45,75.27,89.24,88.42,143.62,481.59,29.44,388.68,175.16,138.6,352.75,371.01,268.91,132.99,228.85,57.21,327.54,380.84,159.09,64.27,86.5,298.34,177.85,151.89,77.92,99.92,568.03,118.85,486.0,221.09,41.95,38.17,144.86,110.09
2023-01-11 05:00:00+00:00,133.49,94.44,342.93,69.06,95.09,116.33,578.14,208.03,34.38,2224.81,320.37,250.73,118.24,484.31,89.75,175.2,263.61,77.69,92.26,91.52,145.25,493.0,29.85,395.31,174.88,139.63,360.41,377.86,268.81,132.89,235.77,58.06,327.26,393.78,160.01,64.63,88.6,304.25,178.05,150.66,78.54,99.59,582.56,123.22,493.4,222.1,41.18,38.42,146.13,111.37
2023-01-12 05:00:00+00:00,133.41,98.49,344.54,70.8,95.27,117.18,581.94,214.32,34.47,2256.77,318.93,255.07,120.16,482.43,89.18,177.08,262.25,78.86,91.91,91.13,150.73,494.29,30.29,396.7,174.0,139.49,359.12,379.81,266.69,136.71,238.51,57.27,330.13,413.26,165.11,64.93,88.78,304.28,175.78,149.81,79.78,100.68,581.54,123.56,495.67,223.62,41.81,37.96,144.81,113.22
2023-01-13 05:00:00+00:00,134.76,100.37,344.38,71.0,98.12,115.0,579.0,214.13,35.23,2301.34,317.64,258.46,121.47,485.25,89.92,177.56,267.22,80.2,92.8,92.12,152.21,491.36,30.11,393.21,173.43,143.01,361.62,375.52,268.89,136.98,239.23,56.93,332.82,414.89,168.99,65.15,89.2,304.46,175.24,150.88,79.48,98.68,583.84,122.4,489.57,223.06,41.86,37.22,145.29,113.15
2023-01-17 05:00:00+00:00,135.94,101.27,344.38,71.59,96.05,116.3,579.24,211.41,34.52,2334.02,314.86,256.26,120.24,486.77,89.37,180.49,267.04,80.49,92.16,91.29,151.65,490.46,29.6,390.2,172.36,140.8,357.74,375.0,274.11,135.36,240.35,56.85,326.22,418.24,177.02,65.87,88.6,310.3,176.06,150.44,80.18,98.43,587.86,131.49,485.08,223.0,40.85,37.32,144.41,112.93
2023-01-18 05:00:00+00:00,135.21,101.11,341.31,70.53,95.46,115.0,574.29,209.41,33.72,2296.45,308.3,252.82,118.55,479.47,88.2,177.23,263.25,79.27,91.78,91.12,150.76,484.75,28.81,386.07,169.76,136.57,352.01,368.92,266.04,133.02,235.81,56.51,326.33,416.2,173.77,66.33,86.71,311.77,171.62,146.41,77.31,95.74,580.05,128.78,476.24,219.46,39.97,37.47,140.84,110.61
2023-01-19 05:00:00+00:00,135.27,99.1,342.53,67.71,93.68,111.51,563.22,207.09,33.23,2315.4,305.23,245.75,119.64,469.49,87.48,179.0,259.51,76.86,93.91,93.05,153.83,491.72,28.42,378.6,169.53,134.75,351.08,367.94,263.58,136.15,231.93,56.36,315.78,428.43,167.65,63.49,85.94,304.8,169.63,142.42,76.75,94.24,583.86,127.17,484.36,220.41,40.06,37.55,138.83,111.32
2023-01-20 05:00:00+00:00,137.87,101.28,356.38,70.07,97.25,115.13,570.78,206.76,33.85,2344.29,309.87,249.71,121.8,480.11,87.0,180.9,267.56,77.68,99.28,98.02,154.8,497.3,29.22,398.07,168.74,135.08,346.07,376.28,268.58,139.37,240.22,58.46,342.5,441.83,178.39,66.26,87.25,313.46,169.88,142.97,79.09,94.36,593.66,133.42,486.72,224.31,40.0,38.46,140.54,113.35
2023-01-23 05:00:00+00:00,141.11,105.22,364.98,76.53,97.52,119.16,581.63,209.97,34.32,2401.58,310.42,252.7,120.13,492.61,87.2,180.66,274.49,79.77,101.21,99.79,155.16,494.55,30.27,410.0,168.31,137.27,342.21,378.57,269.29,143.27,242.58,61.82,357.42,442.44,191.93,70.8,88.97,322.07,169.12,141.05,79.5,96.25,604.82,143.75,485.81,224.18,39.63,41.79,142.64,112.76
2023-01-24 05:00:00+00:00,142.53,104.13,361.32,74.7,96.32,121.77,585.03,211.98,34.57,2402.34,311.3,257.61,118.81,492.11,86.02,180.83,277.16,80.7,99.21,97.7,153.88,500.35,29.92,401.55,168.31,138.45,346.39,380.01,269.56,143.14,242.04,61.26,363.83,443.41,192.65,70.08,89.7,319.92,170.69,141.82,79.58,99.47,580.72,143.89,491.6,223.89,40.42,41.1,143.02,113.81
2023-01-25 05:00:00+00:00,141.86,104.44,358.17,74.91,97.18,121.54,585.68,212.68,34.87,2390.75,311.9,258.44,120.37,490.88,85.75,179.08,273.94,80.79,96.73,95.22,157.89,502.22,29.7,401.9,169.51,139.12,349.73,382.39,273.0,141.5,240.61,61.54,367.96,448.77,193.23,71.81,89.64,314.6,171.93,141.72,79.1,100.01,575.32,144.43,492.5,224.9,40.33,41.31,142.34,113.21
2023-01-26 05:00:00+00:00,143.96,109.42,365.82,75.16,99.22,123.99,598.58,212.73,35.34,2431.15,310.95,262.12,124.65,498.3,87.66,187.79,273.22,81.14,99.16,97.52,160.44,499.36,30.09,412.55,168.89,139.98,348.01,377.24,274.72,147.3,248.0,62.8,364.87,463.07,198.02,73.68,89.83,321.46,170.22,141.15,80.81,100.25,577.37,160.27,492.48,224.71,40.27,43.76,142.21,117.76
2023-01-27 05:00:00+00:00,145.93,115.94,370.71,75.4,102.24,126.06,590.99,211.17,35.45,2464.51,309.17,264.54,123.61,503.29,87.78,179.45,270.79,83.23,100.71,99.37,156.25,481.69,28.16,422.62,168.23,140.32,342.1,374.03,272.46,151.74,248.16,63.87,360.77,458.86,203.65,73.67,88.99,322.24,169.62,140.57,81.83,99.6,573.63,177.9,486.05,231.44,40.64,44.97,143.3,115.61
2023-01-30 05:00:00+00:00,143.0,109.48,363.42,72.45,100.55,123.84,581.45,209.67,35.3,2436.98,307.33,261.5,120.53,503.28,87.05,174.2,271.21,80.83,97.95,96.94,151.77,484.91,27.95,416.45,162.0,139.13,340.5,371.12,270.89,147.06,242.71,61.71,353.11,442.57,191.62,71.02,87.35,315.76,169.48,141.01,79.64,98.71,564.29,166.66,485.79,229.1,41.05,44.24,142.15,113.56
2023-01-31 05:00:00+00:00,144.29,111.11,370.34,75.15,103.13,126.02,585.01,213.0,35.48,2434.1,311.52,252.29,121.87,511.14,88.22,174.02,277.08,80.48,99.87,98.84,150.16,511.7,28.26,422.67,163.42,139.96,344.15,370.6,267.4,148.97,247.81,60.3,353.86,455.13,195.37,73.45,88.46,323.94,171.02,142.38,81.49,99.85,570.33,173.22,499.19,230.21,41.57,43.95,143.87,116.01
2023-02-01 05:00:00+00:00,145.43,113.99,383.92,84.64,105.15,130.52,602.75,214.75,35.92,2445.74,310.57,249.54,117.7,517.91,87.49,171.36,280.8,82.32,101.43,100.43,144.24,513.28,29.07,435.55,164.92,139.59,342.57,374.08,266.27,153.12,252.75,62.6,361.99,473.81,209.43,77.84,90.05,340.77,171.56,143.19,82.91,98.42,587.36,181.41,497.0,230.9,41.69,43.32,144.67,114.74
2023-02-02 05:00:00+00:00,150.82,118.52,392.23,88.31,112.91,133.44,605.77,209.34,36.13,2454.69,311.86,244.9,111.3,523.43,86.18,169.01,268.41,83.94,108.8,107.74,138.78,489.77,30.19,452.16,165.54,138.94,330.7,374.94,263.21,188.77,264.6,63.17,366.89,491.27,217.09,82.12,89.38,352.41,169.97,142.17,86.96,96.96,587.07,188.27,470.83,229.56,41.83,44.58,143.62,111.15
2023-02-03 05:00:00+00:00,154.5,118.7,379.33,86.09,103.39,131.96,597.62,206.01,36.43,2455.07,308.51,247.76,108.11,514.8,85.77,169.45,269.54,81.96,105.22,104.78,137.57,476.57,30.32,423.76,164.61,141.09,339.08,373.91,264.23,186.53,258.35,62.41,365.9,472.22,211.0,80.89,89.62,337.44,169.12,142.61,85.52,96.48,587.76,189.98,472.02,230.13,41.51,43.25,141.71,111.92
2023-02-06 05:00:00+00:00,151.73,118.35,375.23,83.68,102.18,129.69,601.3,206.81,36.37,2469.95,308.43,251.42,107.49,515.59,85.25,169.64,261.17,82.35,103.47,102.9,137.3,486.22,28.69,414.99,163.36,141.92,337.66,372.97,267.92,186.06,256.77,59.98,361.48,455.22,210.89,80.4,88.53,329.69,171.82,141.4,82.33,97.64,576.17,194.76,475.24,229.44,41.28,42.25,140.68,111.73
2023-02-07 05:00:00+00:00,154.65,119.69,383.82,85.91,102.11,134.91,614.45,214.76,36.77,2487.19,312.97,249.66,112.02,516.53,85.98,174.09,261.01,82.11,108.04,107.64,143.27,481.0,29.05,427.67,163.4,143.65,339.68,375.06,267.34,191.62,267.56,62.13,362.95,463.26,221.73,85.53,87.74,344.52,171.56,140.02,83.23,97.87,583.15,196.81,476.88,231.32,40.55,43.08,140.98,114.92
2023-02-08 05:00:00+00:00,151.92,116.36,378.36,84.69,100.05,136.46,601.71,213.5,36.5,2425.08,308.48,248.87,110.79,503.81,88.96,170.0,259.19,81.96,100.0,99.37,142.73,494.21,28.24,421.74,163.61,142.64,340.73,370.35,262.82,183.43,266.73,60.25,366.83,463.98,222.05,83.6,86.69,321.21,171.16,138.57,79.72,97.65,579.23,201.29,483.22,230.2,40.52,42.74,140.22,113.92
2023-02-09 05:00:00+00:00,150.87,114.94,375.81,83.21,98.24,136.52,599.41,211.99,35.72,2436.12,307.21,246.28,109.93,500.63,90.07,168.44,252.51,80.79,95.46,95.01,140.64,491.93,27.73,419.74,161.4,140.42,341.79,370.42,260.66,177.92,263.62,60.18,362.5,463.3,223.37,84.75,86.65,322.48,172.78,137.05,78.42,97.85,568.93,207.32,485.73,229.35,39.81,41.99,141.52,114.35
2023-02-10 05:00:00+00:00,151.01,108.87,370.99,81.48,97.61,133.27,593.25,212.89,35.58,2348.37,309.89,247.67,115.06,499.99,89.66,171.97,250.24,81.29,94.86,94.57,146.59,498.62,27.8,413.52,162.15,141.04,345.12,366.83,262.42,174.15,263.1,59.82,347.36,458.36,212.65,83.8,87.14,317.09,176.2,138.26,80.8,100.61,571.41,196.89,494.25,227.2,40.01,43.01,143.72,119.17
2023-02-13 05:00:00+00:00,153.85,116.42,375.0,83.13,99.54,136.0,601.12,215.65,35.65,2423.03,313.74,248.15,112.31,506.45,89.87,171.01,255.29,82.68,95.0,94.61,147.02,501.94,28.55,418.09,162.75,142.57,350.4,370.83,266.2,179.43,271.32,60.12,358.57,461.04,217.88,84.38,89.42,322.75,177.77,140.07,79.45,100.56,575.0,194.64,495.35,228.88,40.32,43.04,145.91,117.8
2023-02-14 05:00:00+00:00,153.2,120.87,377.9,85.95,99.7,141.46,602.31,218.45,35.62,2471.05,310.79,244.36,113.55,503.22,88.52,172.32,255.52,83.54,94.95,94.68,147.99,501.68,28.64,421.97,162.04,143.2,347.56,369.96,266.61,179.48,272.17,62.07,359.96,461.35,229.71,86.88,89.09,324.69,175.77,139.28,77.26,101.37,571.48,209.25,492.83,229.39,40.33,43.64,145.49,116.42
2023-02-15 05:00:00+00:00,155.33,137.01,375.94,85.18,101.16,141.53,607.69,217.44,35.56,2516.58,309.63,248.7,111.65,511.28,88.35,169.01,254.65,84.77,97.1,96.94,146.01,498.32,28.85,421.24,159.37,143.8,335.01,369.64,266.56,177.16,269.32,61.84,361.42,463.91,227.64,86.71,88.34,320.0,176.01,138.96,77.91,101.46,566.83,214.24,491.25,228.92,40.38,43.67,146.57,116.07
2023-02-16 05:00:00+00:00,153.71,139.42,365.16,80.08,98.15,141.68,600.54,212.21,35.28,2493.18,308.18,246.52,108.36,504.1,87.97,166.57,249.53,84.05,95.78,95.51,143.76,505.69,28.2,408.36,158.24,141.82,326.07,367.55,265.83,172.44,262.15,60.05,350.71,453.69,220.02,84.13,87.72,307.45,175.51,137.14,76.73,100.97,557.58,202.04,487.35,225.83,39.84,42.57,144.27,115.73
2023-02-17 05:00:00+00:00,152.55,131.6,356.85,78.5,97.2,138.23,595.59,211.66,35.35,2462.01,308.24,247.79,104.12,507.48,88.58,162.85,252.88,83.04,94.59,94.35,135.52,510.14,27.61,404.38,160.39,142.24,328.4,361.13,269.99,172.88,258.06,59.01,347.96,439.01,213.88,81.86,87.28,303.89,176.28,140.01,74.66,101.51,559.7,208.31,499.08,223.56,40.22,41.58,146.44,111.28
2023-02-21 05:00:00+00:00,148.48,128.78,346.7,76.77,94.58,134.53,581.54,205.52,34.52,2425.49,302.72,240.71,105.31,501.74,87.62,161.0,249.99,82.26,92.05,91.79,135.87,503.38,26.06,396.26,158.0,139.63,327.51,355.96,268.55,172.08,252.67,57.6,337.5,431.86,206.55,79.28,86.2,296.51,176.18,139.91,75.24,100.65,550.77,197.37,491.31,220.62,39.2,40.05,147.33,111.17
2023-02-22 05:00:00+00:00,148.91,127.21,348.72,76.61,95.79,135.21,576.17,205.76,34.29,2426.71,303.16,237.89,104.08,497.39,87.21,160.35,249.25,83.19,91.8,91.65,134.63,503.59,25.47,406.38,157.78,138.56,329.07,354.97,268.64,171.12,251.51,56.98,334.88,439.84,207.54,78.56,86.32,298.94,176.12,140.5,75.48,100.51,548.4,200.86,488.89,220.02,39.28,39.57,144.24,109.73
2023-02-23 05:00:00+00:00,149.4,125.52,347.02,79.75,95.82,136.84,583.8,208.13,34.26,2426.49,303.07,237.95,105.43,493.14,86.87,161.93,249.66,82.94,91.07,90.89,135.8,510.65,25.61,411.88,157.73,139.67,327.52,355.53,266.78,172.04,254.77,58.75,323.65,441.71,236.64,78.39,88.58,299.93,176.31,140.05,75.19,99.64,550.95,202.07,491.69,221.13,38.53,39.79,142.09,110.74
2023-02-24 05:00:00+00:00,146.71,122.78,320.54,78.09,93.5,135.53,577.75,198.15,34.21,2452.48,304.02,236.17,105.25,488.61,85.77,162.41,242.72,83.55,89.35,89.13,138.95,507.42,25.14,419.81,155.97,140.93,321.64,353.12,263.68,170.39,249.22,58.18,317.15,425.59,232.86,76.28,88.66,293.42,175.96,139.26,73.55,99.62,542.79,196.88,484.33,219.55,38.74,39.11,142.47,110.75
2023-02-27 05:00:00+00:00,147.92,123.53,322.32,78.77,93.76,138.0,585.45,200.46,34.21,2521.08,304.66,239.98,105.86,487.03,84.84,162.82,242.14,83.84,90.1,89.87,138.88,506.51,24.9,412.62,155.63,142.16,316.62,355.48,264.78,169.54,250.16,57.9,323.03,428.57,235.01,77.73,87.96,294.12,175.91,139.14,73.77,99.16,541.35,207.63,483.32,220.35,38.88,38.51,141.44,110.55
2023-02-28 05:00:00+00:00,147.41,123.28,323.95,78.58,94.23,138.7,594.29,201.55,34.3,2524.0,305.18,239.55,103.35,484.18,83.54,160.77,243.05,84.71,90.3,90.06,134.7,495.02,24.93,407.18,153.26,143.35,311.22,355.29,263.91,174.94,249.42,57.82,322.13,432.17,232.16,77.41,87.4,289.06,173.53,137.56,73.6,98.09,541.76,205.71,475.94,219.94,38.81,38.48,142.13,109.91
2023-03-01 05:00:00+00:00,145.31,120.83,323.38,78.29,92.17,138.56,593.57,204.55,34.14,2552.32,304.62,248.67,106.25,478.67,82.47,162.05,245.83,84.14,90.51,90.36,137.86,496.15,25.33,401.27,152.57,142.55,314.17,353.5,262.72,173.42,246.27,57.34,313.48,428.94,226.98,78.23,86.34,284.51,171.33,137.66,73.82,98.04,538.52,202.77,475.22,218.36,38.3,38.12,140.15,110.89
2023-03-02 05:00:00+00:00,145.91,122.38,333.5,80.44,92.13,136.58,598.65,210.06,33.49,2577.83,307.75,252.18,108.33,485.69,81.43,162.56,248.84,85.72,92.31,92.0,140.25,495.76,26.2,400.37,152.45,141.07,315.05,355.57,267.57,174.53,251.11,56.43,311.88,436.04,233.14,76.75,86.97,287.34,173.32,139.93,74.1,99.0,548.75,190.9,477.7,219.06,38.41,38.38,140.5,111.4
2023-03-03 05:00:00+00:00,151.03,125.73,344.04,81.52,94.9,140.68,632.76,215.11,34.16,2620.4,312.45,255.31,108.64,475.26,81.81,164.96,253.23,86.38,94.02,93.65,141.16,500.21,26.4,408.52,154.02,143.66,318.43,361.5,269.07,185.25,255.29,56.78,315.18,443.98,238.9,78.94,89.25,291.54,173.15,140.95,76.29,99.02,559.44,197.79,478.56,223.77,38.26,38.59,140.67,112.81
2023-03-06 05:00:00+00:00,153.83,126.33,347.02,81.16,93.75,142.58,632.92,211.92,34.09,2613.43,316.97,253.98,109.56,483.08,82.97,166.17,251.69,87.06,95.58,95.13,141.55,499.07,25.99,412.71,155.56,142.82,318.96,366.93,270.64,184.9,256.87,56.83,312.03,446.02,235.54,77.41,89.74,292.73,173.5,140.35,76.78,99.51,558.52,193.81,480.78,226.75,38.15,37.78,140.65,113.81
2023-03-07 05:00:00+00:00,151.6,126.94,344.8,82.11,93.55,142.87,625.15,207.92,33.0,2578.9,311.12,246.14,107.65,485.15,80.45,164.03,245.46,86.39,94.17,93.86,136.88,496.04,25.53,409.29,154.09,138.62,310.63,359.94,267.13,184.51,254.15,55.56,308.47,444.81,232.88,78.7,88.36,287.4,172.64,137.56,74.91,98.18,548.83,187.71,473.88,223.17,37.91,37.31,139.25,111.61
2023-03-08 05:00:00+00:00,152.87,125.0,345.84,85.37,93.92,148.4,632.26,207.2,32.56,2582.87,311.37,248.72,107.23,486.04,79.81,162.99,248.48,86.98,94.65,94.25,135.86,489.31,25.98,416.67,152.96,137.8,312.54,359.03,265.33,184.97,253.7,56.89,311.79,446.97,241.81,83.1,88.49,288.83,173.11,137.58,75.84,97.4,554.75,182.0,470.6,222.19,37.53,37.9,138.1,109.98
2023-03-09 05:00:00+00:00,150.59,119.84,338.37,84.03,92.25,148.65,622.52,201.24,30.54,2505.39,304.82,240.96,105.81,479.52,77.0,160.51,243.48,91.56,92.66,92.32,133.88,486.33,26.44,404.58,151.24,130.34,316.85,354.44,261.63,181.69,252.32,55.6,297.78,428.5,234.36,81.41,86.87,285.75,171.8,136.57,75.93,95.93,553.21,172.92,464.91,220.01,36.55,37.06,137.17,109.13
2023-03-10 05:00:00+00:00,148.5,118.3,329.3,82.67,90.73,146.46,614.83,203.07,30.27,2480.49,303.63,227.01,104.22,471.14,77.1,159.67,236.2,91.0,91.01,90.63,129.63,479.66,27.22,392.61,151.61,133.65,315.02,347.11,262.03,179.51,248.59,54.93,292.76,415.08,229.65,78.38,84.07,273.28,172.03,137.19,73.43,96.0,543.83,173.44,460.33,216.14,36.68,36.06,136.97,107.78
2023-03-13 04:00:00+00:00,150.47,115.96,324.27,82.01,92.43,146.87,616.47,203.37,28.51,2438.89,302.88,224.7,100.68,472.0,76.28,158.71,234.96,88.97,91.66,91.11,124.83,482.48,26.95,391.56,153.06,131.25,324.49,344.71,263.08,180.9,253.92,53.9,293.51,414.93,229.66,77.75,84.93,274.54,173.71,138.14,72.61,97.46,541.56,174.48,463.68,214.47,36.54,35.32,137.37,106.54
2023-03-14 04:00:00+00:00,152.59,116.36,333.33,87.45,94.88,153.15,632.46,207.28,28.76,2475.75,305.33,225.67,101.36,481.92,75.56,160.76,240.42,91.17,94.25,93.97,124.88,481.97,28.01,408.3,153.92,134.62,327.07,352.82,265.9,194.02,260.79,54.27,294.94,424.54,240.63,81.2,84.56,280.51,173.53,139.85,73.24,98.32,555.96,183.26,464.58,218.66,36.88,35.29,138.1,106.94
2023-03-15 04:00:00+00:00,152.99,113.58,333.61,89.68,96.2,153.8,626.04,198.21,28.49,2415.73,297.88,217.26,95.24,485.66,75.4,153.8,236.8,89.76,96.55,96.11,116.8,483.87,28.41,406.32,154.35,128.26,329.47,348.08,266.34,197.75,265.44,54.13,303.79,422.26,242.28,78.0,82.98,277.88,176.63,141.83,73.91,95.83,542.7,180.45,465.43,216.37,37.06,34.39,139.64,101.62
2023-03-16 04:00:00+00:00,155.85,119.99,353.29,96.6,100.04,162.68,636.5,203.19,28.97,2439.91,302.01,218.71,96.4,487.26,75.83,154.29,237.23,91.97,101.07,100.32,120.79,494.38,30.18,418.15,154.03,130.75,329.53,348.0,270.57,204.93,276.2,56.57,310.06,442.39,255.41,80.5,84.82,280.06,176.51,142.89,74.35,98.08,557.09,184.13,472.02,217.45,36.58,35.34,138.28,101.03
2023-03-17 04:00:00+00:00,155.0,118.15,358.14,97.84,98.95,163.26,630.97,201.05,27.82,2440.85,293.51,215.01,94.39,487.05,74.37,152.34,234.56,90.29,102.46,101.62,118.33,495.55,29.81,413.69,152.38,125.81,329.18,349.66,267.2,195.61,279.43,56.66,303.5,441.0,257.25,78.28,85.26,276.94,175.13,142.93,72.99,95.75,547.34,180.13,469.5,217.39,36.79,35.08,139.4,99.84
2023-03-20 04:00:00+00:00,157.4,118.4,362.88,96.81,97.71,164.2,643.71,204.77,27.75,2493.73,301.06,220.31,96.16,489.29,74.98,154.58,236.82,89.92,101.93,101.22,121.76,494.39,29.16,411.84,153.89,127.14,333.6,349.32,270.74,197.81,272.23,57.64,305.13,435.15,259.0,79.98,86.96,270.37,177.59,145.13,73.21,97.53,550.57,183.25,476.96,218.15,37.43,35.2,140.9,102.45
2023-03-21 04:00:00+00:00,159.28,123.69,374.22,95.93,100.61,168.08,636.75,204.7,28.59,2571.32,303.85,224.92,99.71,490.85,75.56,159.31,238.5,92.18,105.84,104.92,126.09,500.87,28.46,422.03,153.89,130.55,331.08,354.57,270.21,202.16,273.78,58.63,305.79,445.46,261.99,81.35,87.58,277.35,178.01,144.08,76.72,98.01,556.7,197.58,480.1,221.95,37.74,35.47,140.42,107.04
2023-03-22 04:00:00+00:00,157.83,121.17,361.71,97.58,98.7,166.06,630.92,196.16,27.64,2558.24,299.73,219.95,98.37,487.52,74.41,156.07,237.3,89.59,104.22,103.37,123.66,498.33,28.13,414.21,151.05,127.18,330.97,351.03,267.87,199.81,272.29,58.17,293.9,433.51,264.68,78.82,87.9,266.85,176.51,143.99,74.34,96.7,554.32,191.15,475.52,220.04,37.31,34.7,139.52,104.59
2023-03-23 04:00:00+00:00,158.93,120.3,369.0,100.28,98.71,169.39,639.23,197.9,26.97,2538.76,298.37,219.44,96.42,487.76,72.37,154.52,238.72,91.59,106.26,105.6,120.56,491.35,29.03,432.49,151.13,126.84,332.64,354.37,269.62,204.28,277.66,61.34,320.37,440.47,271.91,80.97,87.78,272.32,175.65,143.79,72.56,96.0,555.19,192.22,469.91,222.59,37.37,35.27,140.65,103.41
2023-03-24 04:00:00+00:00,160.25,116.92,374.96,97.95,98.13,168.94,636.17,197.53,27.14,2499.33,298.92,217.01,95.43,495.27,73.26,156.06,241.69,91.37,106.06,105.44,122.49,502.43,29.36,429.57,152.65,124.91,336.13,351.63,271.33,206.01,280.57,61.16,328.39,432.9,267.79,77.81,88.01,271.56,179.09,146.72,73.88,96.44,558.26,190.41,475.99,221.04,37.66,35.26,141.8,103.53
2023-03-27 04:00:00+00:00,158.28,117.91,373.15,96.61,98.04,167.96,626.84,200.57,28.49,2508.31,302.14,218.0,97.48,493.22,73.57,157.65,241.87,93.31,103.06,102.46,126.86,506.99,29.18,426.94,153.3,128.49,334.6,354.62,273.84,202.84,276.38,59.79,327.66,431.31,265.31,75.67,90.14,272.48,179.49,145.95,73.3,96.91,561.69,191.81,481.9,221.81,38.05,35.21,144.17,105.8
2023-03-28 04:00:00+00:00,157.65,116.61,373.4,94.56,97.24,163.0,624.7,204.96,28.12,2545.12,302.32,220.16,97.93,486.77,73.12,159.49,240.43,93.14,101.36,101.03,129.6,483.41,29.29,419.33,151.82,128.88,337.65,354.33,275.85,200.68,275.23,59.28,323.52,429.08,264.1,76.53,89.85,273.03,179.43,146.36,72.7,96.8,554.23,189.19,472.58,220.33,38.0,34.61,143.61,107.12
2023-03-29 04:00:00+00:00,160.77,118.8,379.16,96.09,100.25,162.5,625.5,207.97,28.67,2571.77,305.3,223.0,99.75,490.87,74.09,160.86,244.63,94.06,101.9,101.39,133.0,485.75,31.52,433.29,153.31,129.14,335.87,359.53,277.44,205.35,280.51,63.54,332.03,438.44,269.84,79.87,90.62,285.87,180.67,146.81,74.18,97.7,555.15,193.88,466.59,223.3,38.48,36.6,144.23,108.96
2023-03-30 04:00:00+00:00,162.36,122.28,381.9,97.88,102.0,162.49,633.75,211.04,28.3,2609.76,305.08,224.54,99.25,491.48,74.7,162.39,246.72,94.05,101.32,100.89,132.47,488.36,32.09,440.09,153.43,128.75,340.69,359.26,277.79,207.84,284.05,63.09,338.43,439.63,273.83,81.83,90.51,296.29,180.83,147.45,74.39,97.37,562.97,195.28,470.06,222.36,38.66,37.28,145.67,109.49
2023-03-31 04:00:00+00:00,164.9,124.4,385.37,98.01,103.29,167.86,641.54,212.43,28.6,2652.41,308.77,228.84,99.21,496.87,74.31,163.16,246.46,95.6,104.0,103.73,132.34,485.46,32.67,445.83,155.0,130.31,343.42,363.41,279.61,211.94,288.3,60.34,345.48,464.72,277.77,82.32,92.92,304.01,182.3,148.69,75.94,97.93,576.37,207.46,472.59,225.46,38.89,37.67,147.45,109.66
2023-04-03 04:00:00+00:00,166.17,121.46,380.08,96.56,102.41,167.74,642.47,215.39,28.59,2665.19,310.31,229.87,108.42,497.03,76.09,169.95,246.79,96.92,104.91,104.36,143.51,510.25,32.89,440.67,156.85,130.16,350.74,366.47,282.14,213.07,287.23,59.61,348.28,464.49,279.65,81.14,93.92,298.62,182.5,149.51,75.29,100.58,570.07,194.77,494.19,229.0,39.22,37.2,148.69,116.13
2023-04-04 04:00:00+00:00,165.63,118.46,385.15,95.87,103.95,166.74,634.41,213.9,27.98,2638.33,309.07,217.45,106.3,497.73,76.25,169.04,244.56,95.05,105.12,104.72,140.92,503.31,33.1,439.81,158.49,128.42,354.62,363.9,282.28,214.72,287.18,57.27,346.75,476.05,274.53,78.49,94.0,292.78,181.85,150.23,75.26,99.51,576.18,192.58,493.25,227.66,39.65,35.94,147.23,115.02
2023-04-05 04:00:00+00:00,163.76,115.34,382.02,92.56,101.1,162.86,629.01,210.0,27.64,2615.6,310.39,213.53,107.75,497.13,77.75,169.88,239.43,94.25,104.95,104.47,142.21,516.23,32.83,439.15,165.61,127.61,362.24,363.79,282.02,211.48,284.34,57.02,342.35,467.33,268.81,76.54,94.89,285.6,183.64,151.26,73.61,98.76,579.86,185.52,509.23,228.17,40.11,35.06,149.67,116.99
2023-04-06 04:00:00+00:00,164.66,109.69,380.6,92.47,102.06,159.85,622.64,211.37,27.84,2583.85,312.51,209.17,106.26,485.98,77.54,167.65,241.26,93.6,108.9,108.42,140.88,519.97,32.81,446.76,165.15,127.47,368.29,361.47,282.89,216.1,291.6,58.56,339.33,473.13,270.37,75.34,95.92,289.45,184.36,152.22,74.96,98.21,575.35,185.06,512.81,225.99,39.48,35.15,150.8,115.05
2023-04-10 04:00:00+00:00,162.03,112.6,376.25,95.48,102.17,163.13,627.39,210.78,27.94,2572.57,312.62,215.53,105.95,493.83,76.04,168.29,240.56,94.36,106.95,106.44,142.33,524.56,32.52,444.72,164.32,127.89,367.0,360.14,283.78,214.75,289.39,63.27,338.99,472.64,275.79,77.7,93.76,294.38,183.2,150.96,74.52,99.62,574.36,184.51,515.18,226.43,39.35,38.04,150.51,114.54
2023-04-11 04:00:00+00:00,160.8,114.25,371.11,94.03,99.92,159.61,621.57,212.32,28.71,2566.47,313.7,220.6,106.75,498.65,76.29,169.22,241.75,93.91,106.12,105.35,144.8,533.76,32.35,437.5,164.27,128.52,364.04,364.13,284.48,213.85,282.83,63.57,338.21,469.82,271.69,77.22,93.97,295.91,182.92,150.66,73.58,99.72,576.38,186.79,520.97,228.45,39.45,38.37,150.07,115.35
2023-04-12 04:00:00+00:00,160.1,112.42,369.89,92.33,97.83,161.41,616.7,212.34,28.48,2547.25,314.55,220.5,107.53,489.35,74.92,169.82,247.05,94.1,105.22,104.64,146.17,532.05,32.02,435.09,163.92,128.5,369.05,361.78,285.3,214.0,283.49,61.96,331.03,471.43,264.95,76.46,93.9,294.21,182.56,151.07,73.5,101.52,579.35,180.54,521.19,227.81,39.2,38.0,149.34,115.23
2023-04-13 04:00:00+00:00,165.56,113.95,378.8,92.09,102.4,164.79,624.24,213.59,28.56,2629.63,318.05,221.67,109.04,497.89,75.42,172.09,251.5,94.3,108.19,107.43,147.25,535.26,32.13,441.81,166.11,128.99,375.15,369.65,289.07,220.35,289.84,63.0,346.19,483.5,264.63,77.59,95.55,302.93,184.38,151.77,75.52,101.68,591.13,185.9,526.23,232.69,39.32,36.88,149.49,115.77
2023-04-14 04:00:00+00:00,165.21,114.65,379.38,91.75,102.51,163.6,619.54,201.71,29.52,2649.86,319.74,223.68,108.5,491.3,74.7,172.44,254.01,95.44,109.46,108.87,148.93,523.83,31.89,441.62,165.84,138.73,374.73,372.43,288.98,221.49,286.14,62.63,338.63,463.03,267.58,77.92,95.71,303.15,183.51,151.0,76.53,101.68,588.84,185.0,511.79,234.02,39.22,35.46,148.48,116.05
2023-04-17 04:00:00+00:00,165.23,116.17,377.92,89.87,102.74,163.42,627.36,205.03,30.37,2676.05,323.79,225.24,105.61,493.94,75.8,170.92,253.25,96.77,106.42,105.97,145.65,518.82,32.14,440.09,165.67,139.83,372.35,372.76,289.31,218.86,288.8,62.54,332.72,470.55,270.02,78.41,95.59,307.25,184.45,151.05,77.33,103.11,588.6,187.04,505.35,233.48,39.46,36.02,149.52,114.7
2023-04-18 04:00:00+00:00,166.47,119.19,377.55,89.78,102.3,162.69,632.32,208.37,30.56,2696.68,324.63,225.2,104.95,496.9,76.14,170.52,257.08,98.47,105.12,104.5,145.8,512.68,31.83,442.59,161.01,141.4,369.91,372.32,290.91,217.89,288.37,61.93,333.7,475.99,276.67,79.21,96.47,305.26,184.83,151.21,76.42,104.66,584.86,184.31,504.48,233.6,38.94,35.72,149.85,116.94
2023-04-19 04:00:00+00:00,167.63,120.1,380.11,89.94,104.3,158.09,634.5,208.71,30.06,2676.28,323.09,224.65,105.26,496.03,74.21,170.68,256.63,99.03,105.02,104.18,144.94,492.9,31.15,445.49,162.53,141.22,370.47,372.8,291.27,215.7,288.45,60.65,323.12,475.59,279.31,76.92,95.81,304.96,184.72,151.24,75.32,104.09,579.92,180.59,486.2,232.57,38.6,34.62,150.01,116.57
2023-04-20 04:00:00+00:00,166.65,118.4,380.26,90.11,103.81,155.39,633.02,207.23,29.9,2660.77,323.82,222.27,103.78,505.58,73.25,169.85,258.48,99.76,105.9,105.29,143.99,490.31,30.86,447.4,163.58,140.81,374.81,375.0,291.0,213.07,286.11,61.46,325.35,467.69,271.04,74.26,94.83,299.82,185.33,150.85,73.58,102.84,565.93,162.99,487.46,234.6,37.19,33.32,150.97,115.64
2023-04-21 04:00:00+00:00,165.02,115.5,377.67,88.43,106.96,155.87,632.9,205.15,29.87,2687.33,324.33,220.27,102.26,506.35,72.84,169.12,256.23,99.51,105.91,105.41,143.84,491.21,30.3,446.4,162.69,140.54,385.24,375.24,292.06,212.89,285.76,61.13,327.98,473.31,271.19,73.74,95.15,300.55,185.41,156.07,74.18,102.25,571.68,165.08,483.82,234.05,37.32,33.44,151.73,116.01
2023-04-24 04:00:00+00:00,165.33,116.12,377.34,87.57,106.21,156.56,634.54,205.77,29.76,2679.69,326.05,223.43,103.65,511.42,73.44,171.48,253.6,100.15,106.78,105.97,145.73,501.73,29.66,442.32,163.68,140.73,383.35,374.73,293.2,212.79,281.77,59.51,329.02,473.0,270.42,74.38,95.44,298.54,185.5,156.35,74.29,102.46,574.3,162.55,488.94,232.76,37.1,32.9,152.76,118.2
2023-04-25 04:00:00+00:00,163.77,112.505,369.59,83.8,102.57,153.58,622.02,202.19,28.84,2645.02,324.34,218.63,102.09,503.17,72.87,168.99,247.05,98.44,104.61,103.85,141.17,501.69,28.88,419.83,165.18,137.67,384.84,368.53,291.51,207.55,275.42,58.14,322.55,442.28,262.41,70.35,94.06,288.71,189.71,156.39,71.78,101.09,548.38,160.67,491.92,229.59,37.3,32.09,151.57,116.52
2023-04-26 04:00:00+00:00,163.76,113.68,363.06,85.94,104.98,155.96,616.19,203.03,28.44,2597.37,320.53,216.19,100.47,494.66,72.26,165.98,240.84,96.21,104.45,103.71,142.95,505.47,29.05,413.7,162.62,135.23,376.27,366.76,289.76,209.4,295.37,61.02,321.15,454.03,269.56,71.95,93.71,285.7,188.54,154.58,72.06,97.68,533.13,153.75,482.95,228.15,36.92,32.68,150.91,115.45
2023-04-27 04:00:00+00:00,168.41,115.25,371.42,87.44,109.82,156.76,618.41,206.04,28.89,2639.44,326.23,214.33,101.23,501.27,73.06,166.95,245.67,98.06,108.37,107.59,141.48,525.28,29.86,429.16,163.0,137.05,390.35,373.67,294.72,238.56,304.83,61.9,325.85,454.34,272.26,69.98,95.04,288.9,189.69,156.47,74.27,99.39,543.02,160.19,490.47,229.01,38.79,32.76,151.38,116.83
2023-04-28 04:00:00+00:00,169.68,119.67,377.56,89.37,105.45,160.16,626.5,206.78,29.28,2686.31,328.55,218.8,102.89,503.22,73.31,168.58,246.72,98.97,108.22,107.34,145.06,530.49,31.06,443.95,163.7,138.24,395.86,380.03,295.75,240.32,307.26,64.36,329.93,459.42,277.49,71.96,94.72,290.37,190.89,156.38,76.0,99.9,554.9,164.31,492.09,232.73,38.83,34.44,150.97,118.34
2023-05-01 04:00:00+00:00,169.59,121.42,374.15,89.69,102.05,160.16,637.95,203.87,29.04,2691.09,330.17,217.27,102.53,493.59,73.89,167.24,246.87,101.18,107.71,107.2,143.31,535.13,30.3,442.51,163.6,141.2,405.81,379.86,297.58,243.18,305.56,62.35,324.12,450.41,289.1,78.33,94.87,297.55,191.68,156.57,75.11,100.33,548.5,161.83,495.7,232.51,38.71,34.06,151.59,114.67
2023-05-02 04:00:00+00:00,168.54,120.58,368.66,89.91,103.63,134.98,612.34,203.25,28.16,2716.05,325.86,215.15,98.64,494.81,72.76,160.04,245.22,101.51,105.98,105.32,137.08,533.06,29.77,436.46,165.03,138.92,404.2,376.03,298.07,239.24,305.41,61.9,317.55,443.68,282.1,79.17,94.8,288.75,192.25,156.43,72.28,98.87,543.82,160.31,493.39,226.98,37.67,33.47,151.18,110.1
2023-05-03 04:00:00+00:00,167.45,118.86,345.25,81.62,103.65,132.73,613.2,200.93,27.86,2646.21,323.22,215.64,96.09,490.06,70.08,156.83,202.7,101.77,106.12,105.41,135.31,529.79,30.65,429.65,162.87,135.98,431.19,374.9,295.22,237.03,304.4,60.91,319.3,437.08,278.02,78.58,94.78,293.7,192.18,156.23,71.43,97.16,550.42,160.61,489.44,225.98,37.98,33.05,150.62,107.93
2023-05-04 04:00:00+00:00,165.79,117.63,335.83,86.61,104.0,135.34,610.16,197.05,26.99,2603.57,320.0,210.38,97.36,490.34,68.79,156.22,201.0,99.32,105.21,104.69,130.94,528.5,31.24,422.45,162.13,134.12,428.44,376.12,295.16,233.52,305.41,60.51,320.78,430.51,275.62,77.83,94.97,279.99,193.38,155.51,71.81,95.92,545.64,161.2,487.28,225.6,37.35,33.04,150.47,106.04
2023-05-05 04:00:00+00:00,173.57,119.9,348.4,89.84,105.655,137.98,630.12,198.34,27.71,2569.3,323.88,215.09,100.37,499.06,70.68,160.21,203.54,100.24,106.215,105.57,136.3,535.02,30.99,425.95,162.68,136.74,427.81,384.66,296.6,232.78,310.65,61.23,322.76,434.8,286.8,81.22,96.97,272.63,194.27,156.03,74.97,96.58,546.38,170.06,494.28,231.78,37.83,33.45,151.77,108.68
2023-05-08 04:00:00+00:00,173.5,125.65,344.06,95.04,105.83,138.07,629.06,197.26,27.69,2639.47,326.14,214.79,100.9,499.06,69.68,159.58,206.01,100.92,108.24,107.77,136.88,535.96,30.77,426.89,162.31,137.07,432.72,385.51,296.69,233.27,308.65,60.87,331.21,438.99,291.51,80.52,96.79,274.38,193.35,155.3,75.52,95.54,542.58,171.79,492.62,232.23,37.83,34.18,152.72,109.11
2023-05-09 04:00:00+00:00,171.77,127.07,342.65,95.06,106.62,138.52,618.51,201.88,27.66,2634.91,324.87,213.49,101.53,500.79,69.97,159.12,201.26,101.0,107.94,107.35,136.16,530.2,30.1,427.68,161.05,136.41,428.38,382.94,296.66,233.37,307.0,60.93,332.14,441.39,285.71,78.81,96.14,268.74,194.14,153.71,65.905,96.27,534.66,169.15,490.38,233.26,37.57,33.6,152.98,109.14
2023-05-10 04:00:00+00:00,173.555,113.19,344.02,97.02,110.19,141.24,626.27,200.84,27.32,2645.92,322.99,213.17,100.47,499.66,69.71,157.09,201.19,99.54,112.28,111.75,135.24,529.63,29.97,431.52,161.65,136.48,435.92,382.54,296.57,233.08,312.31,59.99,335.42,454.14,288.85,79.87,97.52,273.18,194.27,154.03,63.38,96.3,533.5,168.54,490.07,231.27,37.63,32.88,152.55,107.74
2023-05-11 04:00:00+00:00,173.75,111.2,341.58,97.1,112.18,139.01,627.67,201.84,27.39,2656.58,322.64,210.03,99.89,501.89,68.97,156.22,201.79,99.51,116.9,116.57,132.53,528.99,28.86,424.89,160.99,136.05,435.55,383.39,294.79,235.79,310.11,61.61,344.76,452.57,285.78,80.32,97.44,265.31,195.34,154.39,64.18,95.54,529.79,172.08,488.76,231.01,37.6,32.55,153.12,105.79
2023-05-12 04:00:00+00:00,172.57,105.275,335.45,95.26,110.26,138.63,631.15,200.7,27.09,2630.82,322.49,209.54,99.43,504.07,68.58,156.62,199.15,98.8,117.92,117.51,132.79,527.35,28.95,427.62,160.78,134.1,434.43,381.92,296.14,233.81,308.97,60.92,339.89,455.2,283.4,81.34,97.85,268.51,196.12,155.96,61.69,95.99,524.65,167.98,491.23,231.38,37.59,33.03,153.07,105.78
2023-05-15 04:00:00+00:00,172.07,105.78,345.67,97.4,111.2,137.98,639.8,202.77,27.65,2646.07,323.53,211.29,100.29,502.04,68.85,157.2,201.19,102.0,116.96,116.51,134.64,522.5,29.8,426.21,159.55,135.23,434.51,383.41,295.9,238.86,309.46,64.64,335.89,463.14,289.53,82.39,97.26,271.72,194.27,156.01,62.25,96.7,523.68,166.35,486.86,232.81,36.77,36.75,151.88,105.07
2023-05-16 04:00:00+00:00,172.07,105.41,345.11,101.48,113.4,136.14,641.44,200.87,27.36,2646.32,323.75,207.2,98.07,496.15,67.1,153.51,194.95,101.13,120.09,119.51,130.11,518.35,29.22,421.41,159.34,134.32,436.65,380.24,294.15,238.82,311.74,63.73,333.75,468.24,292.13,83.04,98.25,265.29,193.43,155.74,60.8,95.46,519.75,166.52,479.72,230.47,36.05,36.61,149.78,102.52
2023-05-17 04:00:00+00:00,172.69,108.33,356.63,103.75,115.5,135.83,657.47,206.87,28.57,2696.7,327.39,212.1,100.71,495.0,69.43,155.71,197.07,103.47,121.48,120.84,132.19,520.29,28.87,431.86,158.99,138.45,437.47,387.0,293.46,242.485,314.0,64.92,339.96,492.92,301.78,85.63,99.77,272.81,192.06,155.08,61.46,96.57,521.67,173.86,484.81,232.65,36.18,36.98,149.53,104.82
2023-05-18 04:00:00+00:00,175.05,111.87,360.43,107.93,118.15,141.46,677.9,207.24,28.47,2780.98,329.76,214.72,100.74,498.1,69.31,154.01,199.85,104.01,123.52,122.83,133.11,513.87,29.68,447.66,158.48,139.5,437.89,392.02,294.05,246.85,318.52,67.57,371.29,510.17,316.78,86.49,102.34,282.25,191.56,152.53,61.27,96.13,523.54,176.89,479.23,233.6,36.13,38.74,151.47,105.77
2023-05-19 04:00:00+00:00,175.16,107.38,371.25,105.82,116.25,143.91,682.25,205.49,28.11,2765.26,330.39,214.78,102.6,496.52,69.38,155.23,199.88,104.26,123.25,122.76,133.55,513.52,29.93,446.03,158.91,139.18,442.38,385.57,295.55,245.64,318.34,68.17,365.36,510.3,312.64,84.36,102.84,285.36,191.84,153.17,60.92,96.13,527.38,180.14,478.82,233.31,36.05,38.32,149.91,106.26
2023-05-22 04:00:00+00:00,174.2,109.93,372.05,108.0,115.01,145.37,678.37,205.91,28.34,2695.62,329.13,214.26,103.73,491.87,69.42,152.44,197.97,104.55,125.87,125.05,133.08,513.98,30.28,454.11,156.87,138.03,433.99,384.53,289.35,248.32,321.18,66.23,363.01,511.39,311.76,85.24,101.77,289.2,186.64,149.16,63.03,95.66,529.02,188.87,480.62,231.28,35.96,38.37,148.59,104.97
2023-05-23 04:00:00+00:00,171.56,106.25,370.42,108.12,114.99,140.47,686.5,202.6,28.58,2637.49,323.11,212.71,104.39,484.87,69.67,156.85,191.75,101.7,123.29,122.56,131.96,506.93,29.51,449.8,156.81,136.59,423.21,373.75,286.37,246.74,315.26,66.01,355.99,500.14,306.88,82.54,98.54,283.97,186.07,147.55,62.0,94.08,525.1,185.77,479.44,224.58,36.24,37.8,148.31,106.4
2023-05-24 04:00:00+00:00,171.84,105.71,365.76,108.27,116.75,141.22,679.53,199.27,28.1,2625.83,320.2,209.7,103.98,482.76,68.82,157.27,189.89,100.98,121.64,120.9,133.11,506.63,29.0,415.92,156.66,135.34,425.77,368.5,285.92,249.21,313.85,66.53,364.85,502.55,305.38,79.79,98.32,280.84,184.89,146.33,61.8,93.66,510.72,182.9,480.83,222.25,35.87,37.23,147.63,107.59
2023-05-25 04:00:00+00:00,172.99,104.42,392.06,120.35,115.0,156.2,728.8,200.87,28.17,2597.37,319.02,209.98,101.69,486.55,67.67,154.56,191.1,101.52,124.35,123.48,129.11,500.07,27.4,413.1,154.41,135.67,427.31,370.04,285.52,252.69,325.92,69.61,359.0,531.78,379.8,82.0,104.29,279.02,183.8,145.39,59.37,93.12,520.64,184.47,477.7,223.38,34.82,37.85,146.16,105.66
2023-05-26 04:00:00+00:00,175.43,106.81,415.39,127.03,120.11,170.35,812.73,203.63,28.31,2591.13,320.6,211.8,101.85,507.26,67.64,154.08,194.44,102.74,125.43,124.61,130.2,496.6,29.0,418.43,154.35,136.94,425.79,374.37,286.04,262.04,332.89,73.93,378.88,537.46,389.46,86.62,104.08,280.95,183.58,145.4,60.22,93.26,522.02,193.17,481.52,225.01,35.0,39.71,146.42,104.97
2023-05-30 04:00:00+00:00,177.3,107.19,417.21,125.27,121.66,174.42,803.34,204.69,28.26,2528.77,322.19,209.9,101.2,508.03,67.15,153.12,191.91,102.4,124.64,123.67,127.89,495.1,29.99,406.09,154.37,137.46,427.24,367.5,284.92,262.52,331.21,71.69,392.98,549.12,401.11,83.97,105.15,279.82,181.61,143.18,62.05,92.82,514.22,201.16,479.85,221.64,34.9,39.95,146.06,104.04
2023-05-31 04:00:00+00:00,177.25,109.77,417.79,118.21,120.58,166.34,807.96,205.7,27.79,2508.77,321.08,205.75,99.3,511.56,68.03,150.62,184.03,101.53,123.37,122.87,126.67,501.87,31.44,419.12,155.06,135.71,429.46,365.02,285.11,264.72,328.39,68.2,395.23,544.78,378.34,83.6,105.94,280.13,182.35,142.5,61.99,92.14,508.46,203.93,487.24,221.03,35.63,38.73,146.87,102.18
2023-06-01 04:00:00+00:00,180.09,112.16,426.75,119.47,122.77,166.68,789.95,207.96,27.78,2550.0,323.12,209.07,99.53,512.6,68.88,152.16,182.89,104.67,124.37,123.72,129.05,515.15,31.13,422.12,154.54,137.58,436.49,370.88,287.87,272.61,332.58,69.09,403.13,542.96,397.7,87.95,105.99,281.11,182.19,143.96,63.05,94.09,519.38,207.52,493.63,226.5,35.72,38.97,147.41,103.36
2023-06-02 04:00:00+00:00,180.95,118.06,436.37,117.86,124.25,162.5,812.0,213.32,28.71,2625.65,329.48,226.63,102.35,512.59,69.99,156.26,188.29,105.8,125.23,124.67,133.67,520.78,31.31,430.49,156.97,140.47,442.33,373.73,289.91,272.61,335.4,69.17,400.47,548.18,393.27,86.83,105.89,293.32,184.06,146.52,63.96,96.08,520.14,213.97,499.58,228.79,34.58,40.24,148.82,105.76
2023-06-05 04:00:00+00:00,179.58,115.69,434.18,117.93,125.3,162.63,802.3,208.78,28.54,2670.76,328.58,222.47,102.07,518.25,70.74,155.51,181.09,104.1,126.63,126.01,131.7,523.94,29.86,442.84,158.32,139.09,444.26,370.52,288.43,271.39,335.94,67.77,403.54,556.71,391.71,85.63,106.93,305.93,184.19,145.94,64.51,95.75,518.58,217.61,498.19,226.77,34.46,39.0,149.8,105.29
2023-06-06 04:00:00+00:00,179.21,117.3,432.89,124.23,126.61,159.68,790.0,207.29,29.23,2708.1,333.41,226.68,101.94,516.26,70.51,155.79,184.13,105.46,127.91,127.31,132.25,511.12,30.96,448.49,158.18,139.34,443.07,379.96,284.54,271.12,333.68,67.54,399.29,555.8,386.54,88.48,107.1,307.44,181.56,144.49,65.02,97.44,516.26,221.31,487.57,228.22,34.7,39.48,149.78,106.15
2023-06-07 04:00:00+00:00,177.82,116.55,418.32,117.83,121.23,155.59,792.63,211.93,29.48,2644.18,335.42,235.55,104.81,511.23,71.48,159.83,181.26,106.08,122.94,122.5,137.08,504.69,31.28,422.36,158.52,140.69,436.37,371.39,281.9,263.6,323.38,67.06,399.77,528.32,374.75,89.24,105.25,302.95,180.11,144.8,64.04,98.59,520.78,224.57,482.13,225.27,35.26,40.02,150.0,108.53
2023-06-08 04:00:00+00:00,180.57,115.5,439.03,121.05,124.25,162.32,804.2,218.11,29.23,2647.46,335.95,234.45,104.54,520.09,71.75,159.24,181.13,106.07,122.67,122.14,137.02,509.83,31.82,423.36,160.26,140.73,445.66,367.59,285.78,264.58,325.26,65.32,409.37,535.34,385.1,89.99,107.48,305.01,182.1,146.44,64.24,99.08,515.25,234.86,490.23,223.05,35.43,40.1,152.17,108.19
2023-06-09 04:00:00+00:00,180.96,117.86,454.0,124.92,123.43,162.52,804.62,217.31,29.27,2606.13,335.29,235.03,103.89,517.28,71.76,158.86,176.53,106.3,122.87,122.23,136.39,513.34,31.34,431.55,160.01,141.01,446.04,369.22,286.79,264.95,326.79,65.43,420.02,534.03,387.7,89.02,109.85,304.7,182.35,146.56,63.49,99.34,518.18,244.4,493.62,223.56,35.47,39.78,153.09,107.39
2023-06-12 04:00:00+00:00,183.79,124.59,474.63,129.19,126.57,170.0,855.36,221.56,29.13,2605.34,333.6,237.9,102.82,520.97,71.5,157.33,179.63,106.23,124.35,123.64,134.76,513.23,33.07,446.12,159.9,141.0,445.31,375.31,288.57,271.05,331.85,67.45,423.97,546.35,394.82,91.06,116.43,312.57,181.9,145.41,63.73,99.42,523.69,249.83,492.59,226.17,35.61,40.31,154.1,106.42
2023-06-13 04:00:00+00:00,183.31,124.9,478.99,124.53,126.66,168.6,851.12,220.38,29.4,2614.05,336.39,245.44,103.41,522.02,72.26,158.51,184.67,106.74,124.43,123.83,136.56,512.63,33.91,447.55,160.74,142.02,445.72,371.38,288.55,271.32,334.29,67.87,435.73,554.72,410.22,92.67,116.68,322.74,181.54,145.06,63.56,99.69,526.05,258.71,491.31,223.4,35.48,40.58,155.3,106.44
2023-06-14 04:00:00+00:00,183.95,125.14,479.53,127.33,126.42,169.08,886.18,216.9,29.12,2609.79,335.9,243.32,102.67,527.2,66.65,157.09,192.16,104.7,124.38,123.67,134.03,455.0,35.58,446.22,161.56,141.49,447.72,374.76,288.44,273.35,337.34,69.12,440.86,567.31,429.97,92.74,122.27,319.91,183.17,146.42,63.6,96.86,520.12,256.79,459.86,223.44,35.73,40.46,156.87,105.16
2023-06-15 04:00:00+00:00,186.01,127.85,490.91,124.24,127.11,163.47,883.43,219.41,29.37,2671.7,339.82,247.67,104.15,529.18,69.5,158.28,199.41,105.41,125.79,125.09,135.81,463.85,35.82,456.31,163.73,143.09,453.93,379.04,292.61,281.83,348.1,68.82,445.27,574.37,426.53,91.0,126.55,323.95,185.71,148.45,65.85,98.0,535.11,255.9,465.89,226.17,36.44,41.08,157.73,105.89
2023-06-16 04:00:00+00:00,184.92,128.68,495.18,120.08,125.49,157.79,868.11,219.99,29.19,2640.99,338.31,245.27,104.92,523.65,67.72,157.26,203.95,106.29,124.06,123.53,135.56,445.65,36.37,455.03,164.23,143.26,447.71,376.53,293.7,281.0,342.33,67.66,431.96,565.48,426.92,90.15,125.46,319.92,186.04,149.54,66.43,97.74,537.3,260.54,458.49,228.91,36.46,40.47,155.53,105.13
2023-06-20 04:00:00+00:00,185.01,126.45,485.86,118.93,125.78,154.5,868.03,212.37,28.87,2636.65,338.67,241.15,102.03,519.7,68.67,153.68,197.55,104.02,123.85,123.1,132.36,446.71,35.0,455.13,164.13,142.53,451.95,374.62,293.04,284.33,338.05,66.9,434.7,559.49,438.08,89.38,122.04,322.46,185.31,148.16,68.89,97.7,527.4,274.45,469.39,226.47,35.81,39.12,154.16,102.72
2023-06-21 04:00:00+00:00,183.96,127.46,477.48,112.11,124.83,151.51,847.66,212.08,28.57,2643.8,338.61,241.48,103.7,519.62,68.77,154.88,194.75,105.05,121.26,120.55,133.08,452.71,32.9,450.53,163.88,142.32,453.0,376.14,294.52,281.64,333.56,65.8,424.45,546.8,430.45,88.07,122.1,312.44,185.43,149.44,68.19,99.07,525.95,259.46,476.75,227.25,35.83,38.42,154.46,103.87
2023-06-22 04:00:00+00:00,187.0,127.96,477.58,110.7,130.15,153.24,842.43,205.61,27.96,2677.9,336.96,237.34,101.43,524.2,69.41,152.64,195.54,104.82,123.87,123.15,133.65,456.44,32.71,450.84,165.62,139.58,457.68,377.8,293.3,284.88,339.71,66.25,422.48,549.87,430.25,88.95,120.58,306.75,187.35,149.95,68.57,96.92,528.31,264.61,479.05,228.39,35.85,38.35,155.75,103.3
2023-06-23 04:00:00+00:00,186.68,124.73,484.72,110.01,129.33,148.82,822.15,205.41,27.75,2623.93,335.25,234.44,100.46,524.44,69.6,151.35,191.94,103.78,123.02,122.34,131.61,445.95,33.0,452.69,165.48,138.85,458.84,379.81,289.91,288.73,335.02,65.28,424.02,542.99,422.09,87.52,118.64,306.2,186.07,148.46,66.94,96.91,524.21,256.6,477.0,229.55,35.51,37.86,155.46,102.4
2023-06-26 04:00:00+00:00,185.27,123.13,479.51,107.51,127.33,150.82,821.63,205.58,28.09,2615.76,334.12,236.95,101.31,523.42,69.85,154.01,194.08,104.45,119.09,118.34,134.99,446.4,33.34,453.3,163.63,139.19,452.76,377.42,289.09,278.47,328.6,65.45,415.94,537.97,406.32,88.62,116.78,310.8,184.89,148.61,66.44,96.55,522.03,241.05,479.06,226.3,36.11,37.56,155.05,104.29
2023-06-27 04:00:00+00:00,188.06,127.89,489.27,110.39,129.18,156.13,848.4,209.43,28.24,2700.36,335.34,240.69,100.79,530.33,68.68,153.53,196.47,104.92,119.01,118.33,132.87,445.92,34.1,459.03,163.29,139.2,464.5,381.79,291.3,287.05,334.57,66.79,417.08,539.96,418.76,91.87,117.84,313.97,186.22,150.02,66.23,96.53,509.62,250.21,482.56,227.34,36.55,38.21,154.49,104.55
2023-06-28 04:00:00+00:00,189.25,127.63,482.43,110.17,129.04,155.86,847.94,210.72,28.07,2666.47,334.15,241.87,102.51,532.8,68.14,154.92,193.87,107.05,121.08,120.18,133.55,444.83,33.57,459.63,162.96,138.59,458.7,380.23,291.74,285.29,335.85,67.07,429.84,548.67,411.17,91.21,116.53,312.23,183.7,149.99,66.03,95.87,510.15,256.24,474.45,227.96,36.82,37.85,155.33,105.4
2023-06-29 04:00:00+00:00,189.59,125.1,483.77,111.24,127.9,159.29,862.57,211.83,28.66,2655.91,336.91,244.24,103.06,531.69,68.76,156.24,192.53,107.74,120.01,119.1,133.86,443.86,32.91,455.82,164.1,143.43,464.49,387.67,294.47,281.53,335.05,64.33,428.24,548.08,408.22,92.08,117.78,313.68,183.88,149.38,65.86,97.8,514.39,257.5,476.44,234.32,36.99,37.6,154.28,106.7
2023-06-30 04:00:00+00:00,193.87,128.16,489.02,113.88,130.36,162.06,867.31,211.16,28.69,2700.5877,341.0,246.05,103.61,538.699,69.13,157.35,196.38,109.85,120.93,119.7,135.95,447.13,33.43,458.09,165.52,145.44,468.98,393.3,298.41,286.93,340.43,63.1,440.52,561.97,423.0,94.57,119.09,321.24,185.27,151.74,66.73,97.96,521.75,261.77,480.64,237.48,37.19,37.95,157.18,107.25
2023-07-03 04:00:00+00:00,192.46,132.35,485.21,115.82,130.22,159.9,876.59,210.92,29.2,2722.75,342.0,247.33,104.23,541.04,69.77,157.21,198.0,108.28,120.56,119.9,137.41,446.27,33.62,451.58,163.35,146.61,461.42,393.96,294.84,286.0,337.99,63.9,441.35,562.87,424.13,96.83,117.15,319.62,185.6,152.5,68.095,98.39,519.11,280.0,477.88,237.97,37.28,38.52,158.2,107.46
2023-07-05 04:00:00+00:00,191.33,131.69,487.26,113.95,130.38,159.68,861.86,213.31,29.08,2674.0,341.56,244.83,104.02,541.13,69.59,156.31,195.64,108.65,122.63,121.75,134.44,444.99,32.51,457.84,162.81,144.64,465.7,394.73,296.9,294.37,338.15,62.06,445.9,565.76,423.17,92.95,115.96,317.89,186.58,152.24,68.85,98.24,520.6,282.48,471.22,239.45,37.48,37.66,158.11,106.91
2023-07-06 04:00:00+00:00,191.81,128.16,481.29,113.48,128.36,158.9,848.0,212.62,28.28,2632.69,341.46,240.58,100.34,537.37,69.54,152.88,194.02,107.37,120.93,120.11,130.09,440.99,31.97,451.5,161.6,143.21,463.21,393.14,294.92,291.99,341.27,61.23,438.84,555.83,421.03,92.61,115.45,323.88,186.6,151.99,66.14,98.05,517.32,276.54,469.36,238.88,37.13,37.36,157.11,102.92
2023-07-07 04:00:00+00:00,190.68,130.32,485.27,113.17,129.78,158.0,846.75,212.1,28.53,2636.91,340.9,245.18,103.23,525.05,69.17,154.22,192.46,108.27,120.14,119.48,134.41,430.14,31.85,448.19,159.25,144.34,452.08,388.68,292.1,290.53,337.22,60.65,438.1,552.98,425.03,93.3,114.61,324.51,183.08,148.8,66.79,97.42,513.73,274.43,461.58,236.45,35.9,37.67,153.49,103.16
2023-07-10 04:00:00+00:00,188.61,131.71,496.35,113.58,127.13,159.55,877.73,213.31,28.66,2728.83,341.13,248.81,104.35,527.01,69.36,155.25,193.2,110.53,116.87,116.45,135.99,434.7,32.74,464.33,159.51,145.15,453.16,392.16,294.49,294.1,331.83,62.48,441.71,565.6,421.8,95.98,114.38,334.87,184.3,148.86,69.28,97.48,516.85,269.61,463.05,238.16,35.14,37.87,154.88,104.69
2023-07-11 04:00:00+00:00,188.08,137.54,504.74,111.32,128.78,160.17,882.05,218.76,29.02,2783.4,343.37,252.85,107.44,529.64,71.27,158.12,192.9,111.22,117.71,117.14,139.19,437.22,33.3,463.7,158.63,147.42,439.39,397.8,294.74,298.29,332.47,63.6,440.21,561.44,424.05,96.64,114.88,338.81,183.98,148.08,70.62,98.03,519.26,269.79,462.89,240.55,34.99,38.36,154.65,105.97
2023-07-12 04:00:00+00:00,189.77,137.02,507.36,114.58,130.8,164.04,889.95,217.11,29.36,2788.47,345.35,253.6,109.31,538.0,70.47,159.64,191.03,111.2,119.62,118.93,140.85,425.08,33.98,476.84,158.08,148.15,440.6,400.69,295.61,309.34,337.2,63.79,444.05,561.34,439.02,98.63,116.02,340.9,183.17,148.85,70.59,96.82,525.92,271.99,451.7,242.21,34.86,38.42,155.04,106.49
2023-07-13 04:00:00+00:00,190.54,140.09,517.28,115.92,134.3,168.61,890.36,216.85,29.67,2834.53,343.54,255.86,110.55,538.45,71.22,157.51,193.26,111.28,124.83,124.54,139.73,424.29,33.87,481.35,158.81,148.87,434.7,400.56,295.22,313.41,342.66,64.53,450.38,577.45,459.77,102.04,117.45,349.65,187.53,148.95,72.39,97.17,526.65,277.9,447.75,243.31,34.64,39.36,154.13,104.54
2023-07-14 04:00:00+00:00,190.69,143.34,514.83,115.94,134.68,165.58,888.58,213.12,29.11,2866.92,341.09,255.62,107.09,546.7,71.38,153.58,193.63,110.28,125.7,125.42,135.26,434.93,33.15,483.99,159.87,149.77,449.46,402.51,294.94,308.87,345.24,64.08,441.91,580.38,454.69,99.68,119.27,355.01,188.21,150.05,72.1,96.17,529.36,281.38,480.17,243.16,34.01,39.66,154.66,100.94
2023-07-17 04:00:00+00:00,193.99,145.36,522.0,118.32,133.56,170.42,910.35,211.87,29.4,2949.66,344.25,257.46,106.44,552.96,71.17,153.44,192.65,111.14,125.06,124.65,134.5,434.41,34.37,490.82,159.07,153.38,447.14,402.2,294.68,310.62,345.73,65.16,450.05,592.38,464.61,104.33,118.89,358.99,185.63,148.99,73.49,96.32,525.26,290.38,484.08,243.99,31.46,39.14,154.85,101.38
2023-07-18 04:00:00+00:00,193.73,146.53,532.23,117.93,132.83,173.51,903.43,211.57,30.7,2981.61,345.34,263.81,108.75,553.59,72.31,153.75,188.18,111.06,124.08,123.76,136.65,440.73,34.5,495.43,159.06,153.66,451.2,398.16,293.82,312.05,359.49,64.94,474.8,597.13,474.94,104.84,120.77,363.75,184.45,149.27,74.37,95.76,523.68,293.34,500.0,240.77,32.27,38.46,154.57,100.92
2023-07-19 04:00:00+00:00,195.1,145.535,527.17,116.43,135.36,176.26,901.37,208.6,31.53,2927.88,342.43,262.75,109.48,554.11,74.38,154.69,190.97,109.89,122.78,122.03,137.26,447.26,34.46,500.56,158.74,154.25,453.56,398.27,294.13,316.01,355.08,64.96,477.59,603.25,470.77,101.91,118.69,365.47,186.26,150.29,74.22,95.57,535.55,291.26,503.7,241.42,33.97,38.93,154.62,101.62
2023-07-20 04:00:00+00:00,193.13,145.28,516.88,110.25,129.96,171.41,888.34,213.61,31.69,2917.5,346.61,261.09,111.69,556.96,74.87,156.4,182.26,111.24,119.53,119.2,140.34,447.41,33.37,491.78,168.38,156.15,463.82,398.06,297.13,302.52,346.87,64.69,437.42,578.88,455.2,97.3,115.88,357.61,189.3,150.56,73.02,97.16,538.27,262.9,504.24,239.62,33.64,38.28,157.48,103.41
2023-07-21 04:00:00+00:00,191.94,148.77,520.23,110.95,130.0,171.64,896.75,211.8,31.98,2923.24,345.76,257.65,112.89,557.86,75.05,158.69,179.66,110.33,120.31,120.02,142.2,456.89,34.02,492.52,170.19,154.95,462.04,397.49,295.61,294.26,343.77,65.65,427.5,582.02,443.09,98.76,117.65,350.18,190.16,152.93,72.99,96.39,562.19,260.02,506.53,239.25,33.88,38.3,158.37,103.89
2023-07-24 04:00:00+00:00,192.75,147.62,523.86,110.61,128.8,171.72,901.59,215.87,32.65,2893.76,349.63,259.37,114.72,563.93,75.95,161.82,177.04,110.25,121.88,121.53,145.66,453.44,33.63,488.5,171.08,158.0,459.32,404.79,295.31,291.61,345.11,65.48,428.37,578.04,446.12,97.69,118.07,350.98,190.92,153.42,73.69,97.01,571.52,269.06,508.68,240.74,33.98,38.92,159.3,105.52
2023-07-25 04:00:00+00:00,193.62,148.65,525.34,113.0,129.13,174.09,917.99,214.12,32.15,2942.43,347.58,262.06,116.18,565.19,75.66,162.56,178.38,117.16,122.79,122.21,147.34,454.34,34.1,496.47,172.39,156.82,457.54,401.28,292.36,294.47,350.98,65.68,427.7,582.38,456.79,100.04,117.95,353.82,191.36,153.78,72.96,87.1,570.91,265.28,510.93,238.69,34.24,38.64,159.17,105.68
2023-07-26 04:00:00+00:00,194.5,150.17,514.55,110.09,128.15,164.45,893.09,232.8,32.41,2958.16,349.8,258.32,116.83,566.17,75.1,161.34,178.07,114.72,129.66,129.27,147.62,448.21,34.36,496.86,172.72,157.76,453.59,402.41,291.75,298.57,337.77,67.38,422.67,577.27,454.52,99.25,115.5,358.0,191.6,153.94,73.43,86.3,574.41,264.35,508.0,237.1,34.34,38.88,159.74,105.09
2023-07-27 04:00:00+00:00,193.22,148.5,513.97,111.1,128.25,160.99,893.53,233.75,31.95,2955.9,349.31,258.3,115.78,561.83,75.47,159.66,173.45,115.42,129.87,129.4,147.92,451.0,34.55,496.53,173.69,156.02,454.99,394.5,295.19,311.71,330.72,71.07,413.17,559.89,459.0,102.11,116.4,361.09,188.53,152.11,72.03,85.17,560.02,255.71,505.23,234.44,33.55,41.68,159.16,105.42
2023-07-28 04:00:00+00:00,195.83,153.33,528.87,112.96,132.21,151.09,899.79,238.69,31.9,3012.25,349.81,260.43,115.93,563.32,74.61,158.87,180.44,114.39,133.01,132.58,149.02,453.3,36.83,511.84,174.48,156.91,458.48,392.96,294.03,325.48,338.37,71.2,425.78,569.54,467.5,105.09,115.99,368.46,190.31,156.41,73.98,87.34,561.85,266.44,502.91,235.75,34.03,42.03,159.91,104.16
2023-07-31 04:00:00+00:00,196.45,152.19,546.17,114.4,133.68,155.09,898.65,238.85,32.0,2970.8,351.96,265.17,117.72,560.67,74.69,163.66,180.0,114.24,133.11,132.72,151.73,456.83,35.77,511.7,167.53,157.96,454.55,394.28,293.2,318.6,335.92,71.39,438.97,583.0,467.29,107.75,117.23,368.76,187.46,156.3,75.82,87.93,548.66,267.43,506.37,237.73,34.08,42.56,159.86,107.24
2023-08-01 04:00:00+00:00,195.605,148.91,549.1,117.6,131.69,185.61,920.0,238.01,31.62,2914.31,352.26,288.65,117.38,555.47,73.95,162.3,175.03,113.22,131.89,131.55,151.6,458.11,35.8,508.5,168.89,157.18,453.09,397.07,291.07,322.71,336.34,70.76,438.62,590.39,465.07,108.09,117.91,370.78,186.82,156.25,75.53,87.97,545.84,261.07,504.74,239.78,33.43,42.87,159.11,106.62
2023-08-02 04:00:00+00:00,192.58,144.56,530.3,109.35,128.21,177.28,892.3,231.38,31.19,2884.92,351.19,287.57,115.59,552.35,76.41,159.73,172.5,111.97,128.64,128.38,149.46,483.75,34.39,498.05,169.91,155.4,454.48,390.02,289.62,314.31,327.5,68.17,429.7,563.17,442.69,103.57,115.71,299.62,188.31,156.59,73.2,85.46,553.76,254.11,504.8,237.56,33.32,42.42,159.22,105.29
2023-08-03 04:00:00+00:00,191.17,140.88,523.76,113.15,128.91,177.76,884.98,231.36,31.41,2839.91,353.81,281.45,114.99,557.69,74.32,159.67,171.84,112.36,128.77,128.45,151.94,487.15,34.87,496.98,170.64,156.35,449.16,393.01,291.02,313.19,326.66,69.18,431.0,560.4,445.15,102.7,114.55,296.95,187.12,157.0,64.18,84.67,548.38,259.32,504.86,238.76,33.06,43.26,159.26,107.12
2023-08-04 04:00:00+00:00,181.99,140.17,526.88,115.82,139.57,179.6,881.65,231.36,31.3,3063.16,349.99,276.44,113.71,552.04,72.89,159.31,170.66,113.06,128.54,128.11,152.94,484.28,35.14,496.98,169.04,156.02,449.49,391.35,287.02,310.73,327.78,69.91,431.6,551.63,446.8,102.31,114.44,290.42,184.6,155.28,62.75,84.55,548.64,253.86,502.73,238.99,32.62,43.45,158.34,107.42
2023-08-07 04:00:00+00:00,178.85,143.2,529.73,116.81,142.22,179.27,897.06,238.25,31.88,3243.01,362.58,281.65,114.48,558.41,73.91,159.89,170.15,114.73,131.94,131.53,151.84,494.67,35.23,505.26,173.1,156.76,454.08,396.87,291.4,316.56,330.11,69.38,440.76,554.89,454.165,103.59,116.1,293.11,186.89,156.92,64.42,85.47,551.79,251.45,510.74,241.51,32.53,43.5,160.49,107.2
2023-08-08 04:00:00+00:00,179.8,139.55,520.6,113.23,139.94,180.45,883.16,238.04,31.27,3225.97,363.73,282.89,115.59,556.12,74.0,159.65,168.14,113.55,131.84,131.4,153.41,493.22,35.02,500.81,173.18,155.88,521.6,393.19,289.58,312.64,326.05,67.65,438.3,552.83,446.64,101.38,115.23,291.56,184.44,157.09,63.19,86.21,555.78,249.7,505.86,239.29,32.57,43.16,160.65,107.73
2023-08-09 04:00:00+00:00,178.19,137.87,513.78,110.47,137.85,177.46,850.73,237.86,30.86,3204.66,358.02,284.53,116.44,559.7,74.6,159.86,166.19,112.17,130.15,129.66,156.4,493.38,34.28,496.7,173.07,153.79,526.23,393.67,288.23,305.21,322.23,66.7,428.9,550.33,425.54,99.09,113.1,286.88,183.98,156.89,62.02,87.77,547.58,242.19,502.11,239.76,32.71,42.58,160.91,109.56
2023-08-10 04:00:00+00:00,177.97,135.97,515.83,110.23,138.56,176.3,842.9,238.26,30.94,3223.19,356.98,283.82,115.83,561.49,73.96,160.83,169.94,113.57,130.21,129.69,156.57,495.03,34.68,501.47,172.17,153.56,521.34,397.14,287.6,305.74,322.93,65.44,429.98,555.0,423.88,97.73,112.99,291.51,183.75,156.11,62.79,86.22,547.28,245.34,503.48,240.16,33.02,42.15,160.26,110.12
2023-08-11 04:00:00+00:00,177.79,133.68,508.45,107.57,138.41,174.94,829.76,235.72,31.29,3206.23,358.35,285.22,117.81,562.96,74.87,164.15,167.63,114.6,130.17,129.56,157.68,493.91,34.89,497.77,173.85,154.45,528.28,394.98,288.62,301.64,321.01,64.37,421.66,557.44,408.55,94.57,113.06,292.0,184.04,157.02,61.54,86.84,543.78,242.65,508.01,240.04,33.36,41.88,161.2,111.83
2023-08-14 04:00:00+00:00,179.46,133.24,522.25,111.98,140.57,178.12,854.1,236.71,30.93,3234.33,358.48,284.54,117.69,561.47,74.34,164.03,167.17,115.55,131.83,131.33,157.17,497.21,35.68,505.8,173.44,154.77,538.0,398.58,288.81,306.19,324.04,68.28,427.78,566.21,437.53,97.12,115.57,294.25,183.62,155.79,63.27,86.44,540.34,239.76,510.93,242.9,33.56,42.6,160.0,111.92
2023-08-15 04:00:00+00:00,177.45,129.85,518.7,111.35,137.67,179.65,842.52,232.26,29.94,3200.56,354.5,277.37,115.51,558.51,73.33,159.24,163.52,113.85,130.27,129.78,155.57,495.31,34.77,497.18,172.94,150.83,546.62,394.45,288.3,301.95,321.86,65.33,423.7,559.6,439.4,94.13,117.29,291.96,181.35,154.79,59.47,85.66,534.43,232.96,506.69,239.83,33.26,41.05,159.18,108.16
2023-08-16 04:00:00+00:00,176.57,128.83,514.49,107.19,135.07,181.37,832.99,229.95,29.29,3195.35,354.11,274.51,114.64,559.05,72.72,158.63,162.13,113.57,129.11,128.7,152.75,494.66,33.53,495.65,172.39,150.19,546.24,394.37,285.4,294.29,320.4,64.22,415.45,549.5,434.86,92.18,115.34,290.81,181.21,153.21,59.68,85.14,528.87,225.6,503.56,239.29,33.27,40.42,159.26,106.34
2023-08-17 04:00:00+00:00,174.0,127.99,511.67,104.44,133.98,182.76,827.1,224.54,29.28,3112.06,353.19,275.17,116.73,547.11,66.8,159.75,162.06,110.96,130.46,129.92,154.29,488.74,32.58,486.45,174.01,148.63,537.66,392.62,281.86,285.09,316.88,63.56,403.0,543.64,433.435,90.03,114.88,280.4,178.45,152.11,58.6,85.15,535.96,219.22,493.96,237.37,33.06,40.29,155.69,108.4
2023-08-18 04:00:00+00:00,174.49,125.06,508.13,105.45,133.22,180.54,825.84,226.65,29.11,3058.43,352.56,273.8,117.29,544.94,66.81,160.9,156.69,111.79,128.11,127.46,155.56,490.39,32.75,485.96,172.49,148.97,546.43,392.17,281.74,283.25,316.48,63.59,404.53,541.5,432.99,90.73,116.46,281.32,178.18,152.54,59.42,85.8,532.38,215.49,498.44,238.17,33.18,39.74,157.93,110.04
2023-08-21 04:00:00+00:00,175.84,124.0,520.47,108.22,134.68,184.67,865.14,227.22,29.15,3052.0,352.09,272.75,117.21,543.21,67.08,160.36,150.9,112.02,128.93,128.37,153.67,491.28,33.14,488.26,167.35,149.48,550.05,393.2,280.04,289.9,321.88,63.96,408.29,554.7,469.67,93.03,116.59,283.65,177.05,151.77,59.51,85.52,532.26,231.28,497.68,239.46,33.0,40.4,157.51,108.71
2023-08-22 04:00:00+00:00,177.23,127.08,519.48,105.66,134.25,187.52,855.79,230.07,28.44,3073.89,350.57,270.2,116.15,538.37,67.05,159.04,149.59,111.66,129.69,129.08,152.02,484.19,32.89,487.9,166.02,146.38,553.66,397.84,280.31,287.6,322.46,63.41,413.17,561.82,456.68,92.37,116.54,286.86,175.7,151.83,60.98,85.33,527.05,233.19,492.34,240.57,33.2,40.42,157.01,108.1
2023-08-23 04:00:00+00:00,181.12,128.13,530.71,109.43,135.52,189.83,876.58,228.58,28.45,3098.56,354.26,273.03,115.81,540.86,66.4,159.25,152.87,113.47,133.21,132.37,150.82,481.43,33.98,500.86,164.53,147.37,553.36,401.06,281.87,294.24,327.0,65.19,427.55,568.0,471.16,92.88,117.84,289.87,178.12,153.25,61.76,86.04,545.24,236.86,489.44,242.3,33.19,41.05,158.1,107.15
2023-08-24 04:00:00+00:00,176.38,124.72,512.43,101.8,131.84,179.19,854.46,217.31,28.62,3026.39,354.3,269.3,114.8,531.71,66.49,157.94,150.73,111.04,130.42,129.78,150.02,482.63,32.59,498.5,165.09,147.23,548.0,397.67,282.35,286.75,319.97,63.69,406.93,549.54,471.63,89.96,112.91,284.58,177.18,152.54,60.71,85.15,538.01,230.04,488.1,239.47,33.38,39.87,156.89,106.35
2023-08-25 04:00:00+00:00,178.61,125.79,525.06,102.25,133.26,180.9,851.82,223.41,28.5,3042.51,355.93,272.56,116.52,534.01,67.32,159.12,153.2,111.97,130.69,129.88,150.6,478.94,33.25,519.05,166.25,147.05,553.65,402.89,284.58,285.5,322.98,63.72,416.03,563.65,460.18,92.32,116.06,286.39,179.42,153.54,61.19,84.69,541.59,238.59,489.12,242.57,33.35,39.49,157.82,108.25
2023-08-28 04:00:00+00:00,180.19,126.155,529.92,102.61,133.14,181.96,861.08,227.06,28.76,3069.61,355.55,274.79,117.52,536.19,67.24,160.21,156.39,113.96,131.79,131.01,153.39,480.64,33.62,518.87,164.29,147.56,553.92,407.44,283.68,290.26,323.7,65.31,418.06,568.31,468.35,93.63,116.84,287.65,180.25,153.78,61.67,85.74,545.19,238.82,491.28,243.83,33.55,41.41,158.72,109.16
2023-08-29 04:00:00+00:00,184.12,132.25,540.57,105.92,134.91,185.45,889.93,227.25,29.17,3110.86,358.29,280.03,117.66,542.77,67.13,159.96,159.27,115.33,135.49,134.57,154.68,481.3,34.31,536.49,164.31,148.76,553.9,411.65,283.59,297.99,328.41,66.68,429.99,578.87,487.84,97.61,120.65,293.04,180.93,153.87,62.5,85.35,555.41,257.18,492.83,245.34,34.69,41.55,160.05,109.81
2023-08-30 04:00:00+00:00,187.65,130.61,545.36,106.59,135.07,187.1,892.28,228.85,29.04,3130.59,361.06,282.33,118.7,542.26,66.83,160.18,163.57,114.31,136.93,135.88,154.7,475.26,34.53,540.58,163.73,148.16,547.99,413.91,284.24,295.1,328.79,68.09,434.67,588.24,492.64,98.85,121.12,293.66,181.08,154.04,63.42,86.43,559.0,256.9,491.53,246.23,34.64,42.52,161.2,110.88
2023-08-31 04:00:00+00:00,187.87,131.55,559.34,105.72,138.01,195.23,922.89,224.03,28.67,3105.03,360.2,281.13,119.03,549.28,65.17,161.1,160.53,114.46,137.35,136.17,154.5,461.63,35.14,541.81,161.68,146.33,554.2,412.64,281.15,295.89,327.76,69.94,433.68,588.83,493.55,98.46,120.39,294.84,177.92,154.34,62.51,86.04,557.1,258.08,476.58,245.68,34.98,45.0,162.61,111.19
2023-09-01 04:00:00+00:00,189.46,132.69,563.21,109.45,138.12,197.36,872.52,223.4,28.98,3114.89,362.46,286.25,122.14,544.25,65.67,164.3,161.7,114.24,136.8,135.66,157.2,460.61,36.61,549.6,160.48,146.82,557.11,415.57,280.94,296.38,328.66,70.39,439.88,590.88,485.09,99.4,120.93,295.79,175.32,154.51,63.57,86.28,557.22,245.01,476.24,248.11,34.86,45.96,161.57,113.52
2023-09-05 04:00:00+00:00,189.7,142.29,564.88,110.78,137.27,197.46,872.17,222.57,28.65,3144.64,360.47,281.63,122.83,544.73,65.61,166.46,161.07,112.88,136.71,135.77,157.83,470.22,36.71,550.58,160.68,145.2,558.19,411.5,279.16,300.15,333.55,70.29,448.68,597.16,485.48,99.31,123.98,294.12,174.16,152.44,63.74,85.05,542.01,256.49,480.81,245.34,34.3,45.79,160.27,113.53
2023-09-06 04:00:00+00:00,182.91,141.77,561.94,109.28,135.36,197.54,872.27,217.95,28.39,3141.21,361.67,282.9,123.07,546.69,65.51,166.63,156.58,112.68,135.37,134.46,157.81,465.07,36.98,550.95,158.01,144.96,559.95,413.18,275.44,299.17,332.88,70.41,445.76,598.51,470.61,99.49,124.33,293.14,174.73,152.14,62.8,83.51,536.7,251.92,476.94,246.16,34.18,45.44,161.47,114.51
2023-09-07 04:00:00+00:00,177.56,143.27,560.46,106.59,137.85,195.54,857.03,216.05,28.13,3103.45,361.8,281.43,121.71,548.62,65.6,166.64,155.4,111.79,136.2,135.26,158.33,471.98,38.18,553.61,160.03,143.72,573.23,414.62,278.33,298.67,329.91,69.87,443.14,599.32,462.41,98.51,125.09,288.6,176.4,153.59,61.65,84.33,531.66,251.49,484.81,247.14,33.81,43.43,163.47,113.95
2023-09-08 04:00:00+00:00,178.18,145.82,560.36,106.09,138.23,196.47,857.55,211.27,28.36,3143.1,363.15,282.28,122.72,551.19,65.84,167.21,154.0,111.72,137.2,136.38,160.52,467.73,38.01,550.56,160.56,143.83,586.46,414.84,279.22,297.89,334.27,70.18,442.8,600.07,455.72,97.92,126.32,284.31,176.27,152.93,60.98,83.48,518.27,248.5,480.77,247.29,33.45,43.47,163.77,115.61
2023-09-11 04:00:00+00:00,179.36,147.33,564.5,105.32,143.1,193.19,859.14,211.01,28.48,3182.68,365.52,282.05,120.44,558.78,68.75,163.76,153.3,114.26,137.74,136.92,157.95,467.18,38.59,549.3,162.66,144.46,595.56,416.69,279.76,307.56,337.94,70.03,445.36,605.94,451.78,97.85,126.71,285.95,178.93,154.75,61.93,76.9,514.94,273.58,479.38,247.22,33.94,42.9,164.34,114.16
2023-09-12 04:00:00+00:00,176.3,147.5,542.21,105.31,141.23,189.03,844.52,210.65,28.97,3173.43,367.78,281.81,123.08,558.79,70.52,166.81,151.3,115.0,136.07,135.34,161.25,469.07,38.86,546.0,163.58,146.34,599.3,416.27,280.71,301.66,331.77,70.31,434.69,588.84,448.7,96.79,109.61,284.14,178.27,152.03,62.81,75.56,510.99,267.48,479.9,247.3,34.04,42.3,164.52,117.49
2023-09-13 04:00:00+00:00,174.21,144.715,553.56,107.71,144.85,188.09,852.93,208.4,28.88,3115.64,367.82,275.92,122.31,559.76,70.24,166.2,152.39,113.6,137.5,136.71,160.45,472.5,38.71,541.95,163.99,146.41,598.88,416.3,281.77,305.06,336.06,70.85,412.24,591.38,454.85,96.83,111.84,279.4,179.68,153.09,62.84,75.56,510.9,271.3,479.84,247.83,33.86,43.22,164.56,116.44
2023-09-14 04:00:00+00:00,175.74,144.12,552.16,106.63,144.72,187.56,871.64,209.05,29.2,3197.56,369.5,282.56,124.5,564.77,69.95,167.23,154.24,115.65,138.99,138.1,164.88,471.57,38.67,547.6,163.74,149.25,591.61,413.34,284.76,311.72,338.7,71.79,400.49,590.11,455.81,96.47,113.66,280.34,181.23,154.77,64.44,75.5,515.64,276.04,483.6,241.5,34.04,43.69,165.25,118.52
2023-09-15 04:00:00+00:00,175.01,142.75,528.89,101.49,140.39,184.72,851.68,208.11,28.84,3160.15,367.86,279.15,123.57,556.36,70.87,166.5,155.7,115.49,138.3,137.4,160.35,470.77,37.88,538.08,161.45,148.81,575.66,414.31,278.23,300.31,330.22,69.88,396.94,579.58,439.0,93.1,113.91,277.92,179.84,153.47,64.21,75.8,515.53,274.39,486.7,241.07,33.79,43.6,164.64,116.7
2023-09-18 04:00:00+00:00,177.97,142.55,532.42,102.37,139.98,186.02,850.0,205.12,28.76,3158.33,370.43,280.94,124.48,562.72,70.7,167.22,154.2,116.57,138.96,138.21,162.6,474.02,37.99,535.01,162.47,149.12,571.28,417.13,277.72,302.55,329.06,70.5,394.4,578.51,439.66,94.6,112.21,276.1,179.38,154.05,62.94,75.18,507.73,265.28,486.06,244.66,33.53,43.65,163.42,117.64
2023-09-19 04:00:00+00:00,179.07,141.85,541.69,101.61,137.63,184.83,849.2,204.48,28.65,3112.75,370.48,279.67,123.16,564.35,71.99,167.2,152.01,116.21,138.83,138.04,159.04,473.8,36.34,529.19,162.2,148.93,574.96,413.53,278.13,305.07,328.65,70.71,396.2,572.33,435.2,94.24,112.77,276.91,178.32,153.6,62.19,75.08,508.74,266.5,480.66,243.56,33.4,43.92,163.38,117.33
2023-09-20 04:00:00+00:00,175.49,138.01,535.78,100.34,135.29,182.75,830.57,202.37,28.55,3068.91,366.82,278.61,121.17,563.83,71.41,166.69,150.84,114.85,134.59,133.74,156.28,484.77,34.69,523.59,162.91,148.3,569.64,410.52,277.2,299.67,320.77,69.68,386.3,570.55,422.39,92.84,112.87,268.48,178.38,153.47,60.86,74.43,504.89,262.59,492.13,241.86,33.6,45.65,163.91,116.4
2023-09-21 04:00:00+00:00,173.93,132.75,513.88,96.11,129.33,177.86,808.36,199.95,28.05,3036.27,363.28,272.03,119.07,555.08,71.89,165.19,146.1,112.99,131.36,130.44,150.93,494.06,34.65,504.37,161.66,147.14,550.13,403.36,271.22,295.73,319.53,67.9,384.15,549.53,410.17,90.93,109.43,261.69,175.38,152.14,58.62,72.64,501.59,255.7,501.14,236.61,33.29,44.44,161.92,114.76
2023-09-22 04:00:00+00:00,174.79,132.2,512.9,96.2,129.12,180.34,829.08,197.71,27.64,3062.54,360.16,273.06,119.16,558.59,71.15,166.28,147.62,111.25,131.25,130.25,150.12,494.06,34.18,508.57,160.5,145.73,550.54,402.22,272.22,299.08,317.01,68.88,379.81,554.09,416.1,93.81,109.03,257.16,175.27,151.58,57.88,71.58,502.79,244.88,506.1,235.08,33.28,45.14,162.35,114.94
2023-09-25 04:00:00+00:00,176.08,134.14,511.6,97.38,131.27,181.18,833.89,198.78,27.6,3097.91,361.71,274.27,121.07,558.62,72.57,168.71,145.49,111.72,132.17,131.11,151.94,501.07,34.29,508.31,160.26,146.45,552.29,402.49,269.78,300.83,317.54,68.58,384.8,559.48,422.22,94.46,108.3,258.32,174.33,150.66,58.86,72.05,505.66,246.99,510.28,233.36,33.16,44.62,163.07,116.23
2023-09-26 04:00:00+00:00,171.96,132.28,506.3,95.96,125.98,177.92,816.19,195.64,27.17,3060.58,359.42,269.52,120.14,552.96,71.33,167.8,139.62,109.93,129.45,128.565,152.04,493.0,33.83,503.19,159.02,144.93,550.01,395.38,267.72,298.96,312.14,67.94,379.25,544.63,419.11,90.15,104.88,253.6,172.52,149.32,58.93,72.26,501.59,244.12,505.45,229.65,32.99,44.27,162.5,116.41
2023-09-27 04:00:00+00:00,170.43,134.03,502.6,98.07,125.98,181.6,816.81,195.46,27.27,3082.66,357.78,272.71,123.09,563.53,69.78,171.04,140.04,110.89,131.46,130.54,158.04,493.57,34.61,508.24,157.11,145.78,549.76,395.48,263.64,297.74,312.79,68.21,377.59,546.38,424.68,92.05,104.62,257.08,169.57,147.34,57.34,72.88,498.29,240.5,503.73,229.5,32.4,44.56,161.72,120.2
2023-09-28 04:00:00+00:00,170.69,136.47,504.67,102.76,125.98,184.43,832.0,190.43,27.56,3104.83,357.06,276.24,122.72,568.63,70.03,170.59,141.95,112.34,133.13,132.31,156.64,495.21,35.18,512.24,156.88,147.59,544.45,399.44,265.59,303.96,313.64,65.2,376.36,553.52,430.89,94.05,106.15,257.46,169.5,146.34,58.18,72.0,503.02,246.38,510.1,231.66,32.55,45.8,162.54,119.47
2023-09-29 04:00:00+00:00,171.21,137.21,509.9,102.82,127.12,183.93,830.58,191.68,27.38,3083.95,350.3,273.0,119.8,564.96,69.82,168.62,144.55,110.55,131.85,130.86,153.0,486.52,35.55,510.94,155.75,145.02,537.13,395.91,263.44,300.21,315.75,68.03,377.6,558.96,434.99,92.95,105.92,259.27,169.44,145.86,58.46,71.97,506.17,250.22,504.19,230.01,32.41,45.63,159.93,117.58
2023-10-02 04:00:00+00:00,173.75,136.56,521.13,103.27,129.46,187.81,834.95,187.83,26.7,3093.76,348.08,271.72,117.1,571.31,69.69,166.54,143.4,108.79,135.17,134.17,149.12,491.74,35.46,517.8,155.15,143.77,538.29,395.85,257.75,306.82,321.8,67.96,380.33,555.23,447.82,93.37,106.71,260.04,169.17,145.19,58.56,71.34,495.79,251.6,514.57,231.27,31.76,45.47,160.1,115.63
2023-10-03 04:00:00+00:00,172.4,127.73,507.03,100.08,124.72,184.89,814.83,188.92,25.91,3010.79,343.04,268.97,117.6,565.04,69.25,166.93,141.06,107.76,133.3,132.43,149.5,488.44,35.69,507.48,155.34,142.71,525.19,391.06,254.49,300.94,313.39,67.83,376.75,541.24,435.17,89.76,104.52,261.54,167.7,145.49,57.3,70.58,499.61,246.53,509.47,228.81,31.98,44.82,159.09,115.83
2023-10-04 04:00:00+00:00,173.66,127.41,518.42,104.07,127.0,186.03,823.81,186.73,25.94,3046.47,343.69,265.03,113.33,571.8,68.98,163.04,142.38,108.85,136.27,135.24,143.26,485.78,35.93,517.46,155.52,143.35,531.46,393.76,255.81,305.58,318.955,68.11,376.9,548.64,440.41,89.99,107.08,261.17,168.91,145.97,58.57,70.12,502.45,261.16,510.62,231.22,31.54,45.29,161.0,111.5
2023-10-05 04:00:00+00:00,174.91,124.99,516.44,102.91,125.96,188.03,823.86,186.29,26.06,3018.76,345.06,260.8,113.42,569.52,69.75,163.9,141.39,108.72,135.99,135.07,141.94,488.98,35.89,516.3,157.14,142.9,541.48,394.2,252.23,304.79,319.36,69.05,372.59,547.17,446.88,88.17,108.35,262.6,160.1,143.8,57.48,69.38,498.02,260.05,516.23,233.48,31.82,46.11,159.08,108.99
2023-10-06 04:00:00+00:00,177.49,126.36,526.68,107.24,127.96,194.02,845.26,187.38,26.07,3049.44,346.34,266.04,115.33,557.53,69.9,162.23,145.26,111.47,138.73,137.58,145.65,498.17,36.19,533.3,157.64,145.1,565.22,397.97,248.22,315.43,327.26,69.96,381.51,560.72,457.62,90.93,109.96,270.28,160.29,144.09,57.77,69.77,498.55,260.53,524.81,235.04,30.85,46.4,156.41,107.17
2023-10-09 04:00:00+00:00,178.99,127.77,529.29,106.97,128.26,196.4,855.88,188.49,26.31,3009.72,345.45,271.3,121.82,558.97,71.25,166.72,141.91,110.26,139.5,138.42,153.38,501.54,36.06,534.91,158.54,144.77,571.76,394.74,249.92,318.36,329.82,69.48,385.95,564.43,452.73,90.93,110.32,275.69,161.36,143.36,57.96,72.99,496.13,259.67,526.51,234.44,31.45,45.4,155.84,110.92
2023-10-10 04:00:00+00:00,178.39,131.59,532.72,109.01,129.48,194.73,858.41,193.53,27.01,3060.4,348.56,273.21,120.39,562.09,71.73,166.54,140.67,111.48,139.2,138.06,153.65,500.4,36.43,540.11,158.36,145.65,579.31,400.37,251.52,321.84,328.39,69.07,373.32,558.3,457.98,93.32,109.71,275.0,164.4,144.78,57.72,73.35,496.15,263.62,524.24,236.6,31.76,45.35,157.6,110.45
2023-10-11 04:00:00+00:00,179.8,130.0,549.91,108.31,131.83,191.86,874.56,196.07,27.02,3071.95,348.43,272.83,120.04,565.52,71.73,161.1,140.43,113.26,141.7,140.55,154.98,493.42,36.88,541.58,156.18,146.15,605.28,399.81,250.92,327.82,332.42,70.21,365.93,558.67,468.06,95.14,109.64,278.09,162.62,143.0,58.07,73.31,492.63,262.99,524.13,235.68,31.46,46.39,158.23,106.49
2023-10-12 04:00:00+00:00,180.71,125.97,559.63,108.79,132.33,193.01,905.6,191.3,26.9,3049.0,345.66,269.61,121.11,563.78,70.92,161.23,139.62,111.33,140.29,138.97,156.35,499.81,36.84,543.41,156.33,145.81,610.5,399.9,246.19,324.16,331.16,69.75,361.2,560.15,469.45,93.05,109.11,268.54,158.08,143.32,56.355,73.3,482.56,258.87,525.54,236.78,30.91,45.62,158.95,106.47
2023-10-13 04:00:00+00:00,178.85,124.08,548.76,105.09,129.79,189.85,883.18,184.91,26.76,2950.08,345.09,267.94,124.86,566.84,71.54,164.06,137.68,109.38,138.58,137.36,160.98,505.97,35.97,533.05,156.85,148.0,609.2,398.03,248.31,314.69,327.73,69.21,355.68,549.66,454.61,89.14,108.25,264.97,160.0,144.69,55.75,73.25,482.85,251.12,539.4,237.67,30.67,45.7,159.83,109.87
2023-10-16 04:00:00+00:00,178.72,125.19,550.74,106.46,132.55,196.84,902.57,184.93,26.99,2966.47,346.23,270.79,125.31,572.24,71.49,165.4,140.21,109.14,140.49,139.095,161.41,524.21,36.56,540.9,157.53,147.85,616.64,401.16,249.94,321.15,332.64,69.08,360.82,551.63,460.95,91.69,108.71,270.13,161.08,146.07,57.0,73.98,488.54,253.92,538.03,240.07,31.25,45.75,161.21,109.95
2023-10-17 04:00:00+00:00,177.15,125.71,560.09,105.14,131.47,195.41,884.4,185.6,27.62,2978.4,345.39,272.65,125.46,574.34,72.01,167.59,142.67,110.02,140.99,139.72,164.02,519.87,36.06,538.78,156.09,147.53,608.31,401.77,251.14,324.0,332.06,69.0,355.72,568.47,439.38,91.69,109.04,275.23,160.37,146.26,57.16,73.89,484.77,254.85,536.65,241.2,31.51,44.14,161.42,111.39
2023-10-18 04:00:00+00:00,175.84,122.17,557.87,102.17,128.13,194.2,887.03,185.69,27.31,2850.24,340.89,259.22,126.59,574.64,71.09,168.92,138.63,107.57,139.28,137.96,164.97,521.69,35.64,527.42,152.73,145.91,607.24,393.21,256.03,316.97,330.11,69.14,346.19,550.68,421.96,89.59,108.25,268.23,162.03,150.03,55.8,74.24,467.26,242.68,536.06,237.47,31.05,44.45,161.54,112.95
2023-10-19 04:00:00+00:00,175.46,119.97,555.74,102.4,128.4,191.48,867.83,182.79,26.96,2785.2,338.66,252.89,126.38,565.63,70.61,169.1,138.81,106.95,138.98,137.75,166.08,522.72,35.67,521.52,152.32,145.29,590.8,387.87,258.38,312.81,331.32,67.53,401.77,559.98,421.01,87.01,108.34,265.5,160.56,148.25,54.81,73.89,469.67,220.11,531.63,233.81,31.58,43.06,160.77,113.02
2023-10-20 04:00:00+00:00,172.88,116.49,540.96,101.81,125.17,186.11,853.63,180.04,26.31,2756.64,335.86,249.2,124.06,552.93,69.05,166.83,137.3,106.08,136.74,135.6,163.02,521.15,34.92,506.81,153.0,142.95,584.64,384.41,258.11,308.65,326.67,67.22,400.96,542.51,413.87,84.83,101.85,259.09,160.0,148.05,53.39,72.55,464.36,211.99,527.03,233.38,31.57,42.86,158.76,111.08
2023-10-23 04:00:00+00:00,173.0,120.39,540.41,100.01,126.56,186.52,862.22,181.03,25.57,2819.54,336.84,247.32,121.34,552.29,68.99,160.68,136.97,106.69,137.9,136.5,161.3,515.48,33.85,504.03,151.39,141.0,576.65,383.67,254.75,314.01,329.32,66.88,406.84,541.38,429.75,83.61,103.66,257.65,160.08,148.15,53.45,73.13,461.81,212.08,521.57,231.53,31.39,41.81,161.01,109.45
2023-10-24 04:00:00+00:00,173.44,122.01,539.56,101.67,128.56,190.49,881.11,182.36,25.47,2835.37,338.63,249.55,119.95,551.84,68.97,156.65,138.02,113.62,140.12,138.81,155.22,516.35,34.59,505.82,151.23,141.17,592.43,386.91,257.27,312.55,330.53,68.07,413.73,554.39,436.63,85.09,103.2,261.45,162.19,149.9,54.24,78.38,458.26,216.52,525.0,234.65,34.3,42.96,163.25,108.39
2023-10-25 04:00:00+00:00,171.1,118.5,521.14,96.055,121.39,186.09,849.63,177.73,25.55,2812.92,336.9,244.94,120.41,549.99,68.53,155.87,134.55,111.2,126.67,125.61,154.4,522.77,32.83,483.03,151.57,140.4,586.46,386.31,258.03,299.53,340.67,66.5,411.25,530.17,417.79,81.16,101.43,248.08,162.35,150.6,51.49,78.41,433.18,212.42,530.21,236.85,33.69,42.18,162.76,108.59
2023-10-26 04:00:00+00:00,166.89,115.47,514.28,93.67,119.57,169.82,826.75,179.09,26.12,2742.69,336.16,242.43,118.31,547.6,67.98,154.75,134.23,108.8,123.44,122.28,153.18,513.37,32.52,479.45,149.0,140.76,568.1,364.59,255.83,288.35,327.89,64.53,403.54,550.95,403.26,82.79,100.4,244.94,161.41,149.8,51.75,79.15,440.16,205.76,528.36,231.28,34.47,38.26,161.77,107.6
2023-10-27 04:00:00+00:00,168.22,114.09,508.12,96.43,127.74,176.19,838.36,179.69,25.17,2746.16,331.71,238.56,117.8,543.03,66.29,144.35,124.53,106.35,123.4,122.17,143.29,510.19,35.54,479.52,145.6,135.69,560.23,364.08,255.76,296.73,329.81,65.65,397.87,554.01,405.0,83.52,100.99,240.34,159.62,147.16,50.39,79.16,431.41,207.3,524.66,229.27,33.44,38.97,161.17,105.55
2023-10-30 04:00:00+00:00,170.29,116.95,526.94,96.18,132.71,175.72,841.25,182.35,25.69,2788.25,337.41,242.16,118.14,554.88,68.01,146.09,127.97,109.81,125.75,124.46,145.17,517.97,35.69,487.5,147.03,137.42,565.71,372.42,260.15,302.66,337.31,66.07,410.08,568.54,411.61,65.34,101.65,240.06,162.28,149.26,51.05,78.57,434.11,197.36,529.99,233.08,34.62,41.8,163.02,105.88
2023-10-31 04:00:00+00:00,170.77,118.29,532.06,98.5,133.09,200.37,841.37,186.82,26.34,2789.56,341.33,226.05,118.8,552.44,69.01,145.73,128.87,108.63,125.3,124.08,144.4,523.69,36.5,494.95,148.34,139.06,553.93,376.35,262.17,301.27,338.11,66.87,411.69,581.85,407.8,62.64,103.4,244.97,163.28,150.03,51.8,81.39,444.77,200.84,535.56,235.1,35.13,40.15,163.41,105.85
2023-11-01 04:00:00+00:00,173.97,119.47,544.5,108.04,137.0,210.84,852.94,189.38,26.4,2766.23,343.75,231.83,116.67,556.8,68.73,143.98,104.51,107.25,127.57,126.45,142.25,489.36,37.29,489.17,148.69,138.94,554.46,377.82,261.97,311.85,346.07,69.4,420.19,593.48,423.25,64.84,105.75,150.69,164.87,149.61,51.66,82.15,441.11,205.66,531.6,238.58,35.4,41.74,164.87,105.64
2023-11-02 04:00:00+00:00,177.57,115.5,558.71,107.83,138.07,211.68,871.3,192.01,27.62,2838.62,349.02,239.12,122.02,555.97,69.64,148.76,114.38,107.78,128.58,127.49,147.76,481.4,37.7,500.35,150.24,141.42,580.29,382.69,266.85,310.87,348.32,70.44,424.71,599.43,435.06,66.63,106.87,162.66,166.83,151.44,55.06,82.78,447.57,218.51,536.13,243.25,35.9,42.16,165.52,109.11
2023-11-03 04:00:00+00:00,176.65,122.64,563.66,112.25,138.6,212.49,882.68,195.05,28.42,2858.75,351.81,240.75,119.75,560.9,70.25,147.61,110.96,108.92,130.37,129.1,146.26,477.01,38.14,498.51,151.34,143.0,567.81,386.05,267.87,314.6,352.8,72.58,432.36,606.76,450.05,68.25,108.05,159.02,166.79,150.07,56.1,82.72,454.74,219.96,530.9,243.6,36.02,43.01,164.66,107.78
2023-11-06 05:00:00+00:00,179.23,118.17,565.45,111.75,139.74,212.81,880.83,192.95,28.33,2971.43,346.63,238.28,118.47,569.82,71.08,147.0,112.67,111.78,131.45,130.25,145.74,487.31,37.95,500.5,151.7,144.08,595.19,386.16,268.91,315.8,356.53,72.92,434.74,609.25,457.51,66.23,109.11,160.89,166.7,150.94,54.62,82.4,455.02,219.27,533.46,243.49,35.64,43.17,164.88,105.87
2023-11-07 05:00:00+00:00,181.82,121.08,585.2,113.45,142.71,212.6,897.82,191.41,28.16,3011.9,346.17,234.92,115.25,571.27,70.25,144.41,115.53,111.8,132.4,130.97,142.95,498.18,38.77,513.91,150.9,144.01,599.93,388.87,268.67,318.82,360.53,72.8,434.61,613.91,459.55,66.8,108.99,167.84,167.18,150.59,54.63,82.67,459.24,222.18,537.83,244.77,35.94,43.09,165.65,104.21
2023-11-08 05:00:00+00:00,182.89,117.66,585.31,113.59,142.08,209.6,911.13,191.83,27.89,3020.34,346.3,234.82,114.45,567.38,68.75,142.4,116.6,113.85,133.26,131.84,140.77,488.26,37.92,522.38,150.35,144.72,619.13,389.7,267.49,319.78,363.2,72.28,436.65,625.33,465.74,66.25,112.33,167.52,167.39,150.01,55.08,83.2,454.31,222.11,536.73,243.91,35.77,43.255,164.3,102.93
2023-11-09 05:00:00+00:00,182.41,115.52,577.74,113.49,140.6,211.64,911.38,193.33,27.53,3010.26,348.18,234.15,114.15,563.27,66.74,141.94,115.32,113.09,131.69,130.24,140.2,495.18,37.8,514.54,147.42,144.29,591.32,387.96,266.91,320.55,360.69,73.57,435.15,619.76,469.5,64.35,112.18,167.76,166.16,150.35,54.28,82.43,444.27,209.98,539.0,241.64,35.62,44.18,163.92,102.96
2023-11-10 05:00:00+00:00,186.4,118.15,597.22,118.59,143.56,206.84,957.52,196.65,27.68,3074.23,350.56,239.68,115.61,577.12,67.68,142.95,114.75,115.27,134.06,132.59,141.59,493.11,38.86,528.89,147.25,146.43,597.71,394.38,267.79,328.77,369.67,75.36,447.24,634.76,483.35,67.38,113.07,171.16,166.92,151.41,54.77,82.22,448.43,214.65,541.21,245.25,35.71,45.0,166.19,103.75
2023-11-13 05:00:00+00:00,184.8,119.15,590.34,116.79,142.59,210.28,946.93,204.54,27.7,3119.21,350.01,241.67,115.36,578.23,67.8,144.0,113.73,115.52,133.64,132.09,142.68,497.15,38.23,532.18,147.63,145.78,612.71,394.35,269.2,329.19,366.68,74.78,444.62,638.41,486.2,66.65,114.15,172.0,167.77,152.46,54.39,82.03,445.15,223.71,542.57,244.67,35.82,45.18,167.68,104.84
2023-11-14 05:00:00+00:00,187.44,126.68,604.33,119.88,145.8,215.2,972.96,207.47,29.22,3173.5,354.25,247.86,115.54,590.8,68.5,145.05,122.82,117.25,135.43,133.62,143.76,501.95,39.41,555.52,147.66,148.44,610.82,397.65,271.49,336.31,370.27,77.17,448.65,654.17,496.56,69.96,116.1,176.28,168.11,152.12,56.68,80.69,459.26,237.41,540.46,246.94,35.88,45.87,167.65,104.29
2023-11-15 05:00:00+00:00,188.01,128.35,595.31,118.0,143.2,213.74,975.4,208.71,29.62,3120.82,356.79,251.09,115.03,596.78,69.13,145.56,126.07,116.3,136.38,134.62,144.17,506.79,40.61,555.54,148.8,149.74,588.54,396.83,270.39,332.71,369.67,77.14,461.94,650.9,488.88,71.13,114.06,177.11,167.25,151.42,58.25,80.63,470.54,242.84,538.41,248.11,36.0,46.03,169.78,103.66
2023-11-16 05:00:00+00:00,189.71,126.28,602.06,119.83,142.83,213.3,959.55,206.6,29.54,3128.85,359.86,248.21,111.99,578.58,68.25,141.77,122.62,118.94,138.7,136.93,141.46,512.91,43.35,556.95,150.1,151.45,588.75,397.1,276.12,334.19,376.17,76.67,466.95,652.28,494.8,69.46,114.67,173.65,167.71,152.83,56.82,80.23,472.47,233.59,539.82,248.57,36.18,46.01,156.04,102.46
2023-11-17 05:00:00+00:00,189.69,127.15,602.66,120.62,145.18,214.63,977.73,208.04,29.98,3135.25,358.93,253.07,114.59,577.15,68.81,144.46,123.81,119.93,136.94,135.31,144.45,498.09,43.81,560.16,149.79,152.82,591.71,400.3,275.75,335.04,369.85,77.56,465.91,654.36,492.98,70.03,115.36,177.5,166.76,151.07,56.54,79.68,466.42,234.3,536.29,249.56,36.23,46.62,155.35,104.96
2023-11-20 05:00:00+00:00,191.45,129.7,612.7,121.53,146.13,215.34,995.71,217.71,30.01,3157.94,361.33,250.45,115.39,580.8,68.26,144.38,122.45,120.07,137.92,136.25,144.5,501.79,44.74,564.5,149.91,153.29,597.6,404.4,279.03,339.97,377.44,78.62,474.47,666.92,504.09,70.68,116.92,182.44,166.52,150.27,56.99,79.17,469.03,235.6,535.1,249.97,36.73,47.35,155.3,104.5
2023-11-21 05:00:00+00:00,190.64,126.82,610.99,119.16,143.9,215.32,981.2,218.27,29.66,3145.05,361.0,249.41,115.17,584.3,68.08,144.04,120.15,119.89,138.62,136.97,144.32,507.07,43.64,562.18,151.12,152.97,592.6,408.95,280.47,336.98,373.07,76.71,474.95,668.4,499.44,68.39,116.08,178.12,167.8,149.61,55.4,78.15,482.39,241.2,539.59,252.23,37.25,46.24,155.86,104.46
2023-11-22 05:00:00+00:00,191.31,129.04,619.72,122.51,146.71,217.69,972.0,219.91,29.63,3130.0,361.8,246.01,114.85,589.08,69.14,144.33,122.63,119.6,140.02,138.49,144.4,515.6,43.67,564.23,150.82,153.33,595.09,410.33,281.93,341.49,377.85,77.1,478.0,669.66,487.16,68.56,116.24,177.5,169.22,151.02,56.34,79.82,487.53,234.21,543.76,253.72,37.35,46.91,154.67,104.01
2023-11-24 05:00:00+00:00,189.97,128.37,619.43,122.31,146.74,218.39,978.87,220.0,29.73,3115.59,362.68,247.36,115.49,591.36,69.42,144.9,123.91,119.97,138.22,136.69,145.41,518.26,43.96,564.07,152.5,153.54,601.1,412.5,282.54,338.23,377.43,76.87,479.56,673.9,477.76,69.28,116.25,178.49,169.37,151.38,55.76,79.98,490.78,235.45,547.1,254.3,37.41,46.6,156.06,104.57
2023-11-27 05:00:00+00:00,189.79,129.0,619.27,122.65,147.73,218.67,950.24,219.3,29.56,3130.8,361.34,247.39,114.8,594.9,68.74,144.36,122.73,119.97,138.05,136.41,144.51,510.71,44.08,561.23,151.28,153.19,591.53,408.97,281.84,334.7,378.61,77.51,479.17,670.55,482.42,68.68,116.47,176.11,168.32,151.24,56.39,79.47,490.13,236.08,543.59,254.14,37.35,47.21,156.77,103.96
2023-11-28 05:00:00+00:00,190.39,127.56,623.74,122.01,147.03,217.25,946.35,222.37,29.53,3141.91,360.05,247.5,114.98,594.0,69.32,145.51,126.03,118.85,138.62,137.2,145.6,510.45,44.23,565.07,151.63,153.54,591.6,409.01,282.09,338.99,382.7,76.12,479.0,665.24,478.21,69.1,116.24,178.26,168.86,152.29,58.47,80.19,485.92,246.72,540.53,252.94,37.47,46.89,158.64,103.9
